20409
24636
27313
41277
44625
48982
56894
59526
72817
79806
89945
98422
111733
121092
144281
151147
156208
173760
176934
189842
223327
224357
226558
283172
283861
297143
307928
314335
316348
316874
321996
344591
345859
347710
363912
395804
435632
439881
447494
451333
467428
487574
489507
502534
513382
527229
537947
542796
543549
545952
578793
597171
601496
603106
615121
622526
627473
629173
635964
638416
639814
646842
648951
655114
660449
682452
720186
726263
730834
731098
733232
738053
740280
751898
755005
765620
781806
808384
809138
823457
855133
864079
871521
880447
885477
891664
929178
938177
968399
970682
984676
986425
991833
1001487
1003647
1003985
1004552
1016445
1030385
1039894
1060644
1064475
1073514
1096157
1104101
1115937
1156784
1156925
1157534
1171817
1188016
1192688
1212614
1220448
1225018
1232089
1252622
1253540
1282089
1291665
1305320
1334988
1338361
1362423
1398423
1422250
1424860
1428096
1433703
1454082
1464728
1467901
1496367
1499314
1514602
1531884
1539577
1539871
1551662
1556672
1558574
1568097
1588065
1600405
1602057
1610257
1619414
1626955
1637278
1667895
1693536
1703703
1706985
1717337
1751896
1754605
1770514
1776514
1787550
1794724
1795601
1796859
1816282
1821505
1838806
1843185
1846163
1852062
1887033
1894947
1902242
1904213
1911525
1918849
1919076
1942803
1946859
1960896
1991629
1996601
2012614
2016789
2048739
2055346
2062500
2073668
2079919
2105754
2123839
2136756
2137390
2141790
2142498
2144698
2150962
2166478
2182942
2195328
2211540
2223221
2227376
2233897
2238141
2240710
2241696
2257651
2275633
2291835
2323821
2338892
2353378
2355692
2361367
2365712
2375066
2395688
2410198
2418960
2427359
2431596
2436575
2439383
2454164
2467682
2487119
2495578
2506099
2510633
2520822
2574849
2574914
2583398
2594717
2644507
2667609
2670615
2685304
2690060
2702820
2739670
2743190
2791971
2797096
2815583
2837053
2851693
2873762
2876902
2882376
2885178
2891848
2894306
2914907
2922544
2943052
2944073
2951748
2977449
2985285
2987888
2992584
2992733
3009500
3020608
3022078
3026367
3030826
3075264
3076727
3080077
3105909
3124674
3126397
3154930
3166544
3182312
3190538
3206135
3212153
3219675
3221518
3223452
3255584
3262441
3271976
3274739
3309508
3361057
3363091
3392755
3411530
3425270
3433523
3449881
3491622
3505433
3527030
3528411
3533874
3544460
3584412
3591529
3595704
3632246
3640944
3642507
3664265
3671058
3686396
3697813
3699890
3706461
3709629
3737140
3758675
3769119
3772232
3781518
3785095
3798136
3798402
3813140
3848639
3855815
3871180
3908566
3918823
3927747
3943447
3944382
3972777
3981031
4012790
4057562
4078469
4094910
4095081
4095666
4098321
4099309
4108922
4110935
4130760
4132419
4146837
4164858
4166898
4170047
4176139
4178669
4188866
4195415
4204804
4219357
4233140
4267635
4276714
4282363
4296457
4322019
4357834
4364589
4367200
4405345
4429474
4448882
4449635
4540573
4544764
4550880
4568243
4569539
4578860
4580103
4596579
4598685
4604124
4615152
4622723
4640492
4651399
4651571
4658024
4676332
4696502
4702726
4710900
4733125
4742850
4750612
4757720
4758584
4808237
4812664
4816188
4819142
4858549
4870330
4895838
4908939
4936769
4947523
4957572
4962710
4977728
4988415
4999635
5039357
5045425
5074158
5105560
5105737
5117275
5121974
5154523
5157860
5161543
5179709
5217963
5264398
5268354
5278430
5296241
5300821
5306244
5312116
5315731
5344953
5414849
5428640
5435012
5438709
5450900
5451828
5455988
5466585
5501849
5532908
5541797
5544943
5561210
5576218
5576665
5582474
5596220
5597955
5602847
5621127
5639455
5669892
5677847
5682424
5682874
5685295
5690154
5698946
5720722
5724194
5744756
5761791
5793847
5811462
5822759
5858439
5879397
5888433
5905442
5908147
5913649
5919992
5932418
5936096
5970255
5987373
5993989
6002606
6004480
6009122
6031844
6046533
6047271
6068525
6085270
6092831
6100447
6101845
6110001
6115824
6124139
6158956
6164606
6168636
6169034
6170161
6175003
6176802
6194055
6212360
6246158
6249531
6252599
6258316
6260971
6272636
6280173
6286677
6288859
6290722
6300402
6313604
6327741
6350693
6364475
6365039
6391485
6408158
6412142
6420390
6430214
6434314
6434514
6452923
6469920
6471988
6497374
6511058
6511397
6513247
6542667
6565792
6570895
6597296
6598653
6613211
6616362
6619664
6620219
6644780
6674550
6683428
6692234
6717586
6717644
6718663
6743831
6749500
6750390
6799339
6833970
6835011
6840879
6851638
6862515
6865957
6877910
6889450
6901439
6912942
6929618
6942816
6949682
6957958
6958479
6967011
6971681
6976165
6981235
7000638
7023950
7049347
7062341
7074028
7077991
7094069
7125048
7127562
7134038
7142793
7156553
7164643
7164652
7181072
7202802
7210395
7217560
7224523
7248712
7255741
7259446
7268902
7283467
7316808
7318653
7330961
7365658
7370838
7375550
7383335
7392264
7393173
7408782
7415095
7442481
7450268
7451967
7462747
7478727
7513545
7522335
7530966
7534386
7563964
7580724
7586029
7589951
7606971
7633223
7647096
7656614
7657367
7665273
7706135
7706227
7723911
7726430
7742087
7748331
7748911
7797542
7821841
7863890
7912508
7937142
7943870
7945084
7947304
7949304
7992777
8000763
8008138
8013083
8017948
8035746
8058731
8066771
8077226
8098418
8170778
8183547
8218154
8253699
8260289
8295564
8304095
8312037
8342319
8344287
8366177
8385902
8386593
8395217
8405750
8415054
8428582
8431199
8448105
8450508
8461055
8494085
8495649
8521511
8521965
8531353
8541812
8557157
8558984
8567356
8574926
8577516
8589389
8602435
8606853
8636254
8642860
8652149
8674384
8693384
8709448
8711601
8722191
8726217
8743074
8748326
8748763
8762939
8773610
8780293
8810815
8812359
8814608
8839355
8859714
8865406
8873753
8886702
8887953
8889080
8896234
8896899
8896903
8903298
8909807
8915122
8921597
8935202
8950661
8957633
8984466
8984640
8988637
8990482
9001042
9008330
9034634
9042768
9051111
9054513
9058321
9062405
9063172
9114583
9130282
9137321
9145343
9154003
9162616
9169342
9169773
9193946
9216835
9224644
9247278
9266036
9270931
9277232
9277885
9289219
9299907
9303955
9316820
9326651
9361099
9365439
9384448
9409668
9423705
9425576
9475232
9475775
9482719
9489419
9503760
9511269
9519874
9525296
9535710
9543498
9551058
9552935
9568918
9572560
9574916
9590474
9629000
9643641
9646522
9654659
9661916
9672194
9679843
9706372
9733897
9742121
9765739
9786141
9786886
9799188
9804844
9808202
9832865
9836040
9881999
9898513
9911276
9914247
9933168
9951314
9953800
9957405
9976031
9998435
10002982
10004269
10016303
10017912
10018594
10028401
10068950
10072614
10095206
10095348
10105094
10112399
10118517
10119178
10119641
10136829
10143861
10144789
10148627
10150267
10162003
10208777
10211259
10214925
10232855
10235445
10238557
10252089
10273072
10277160
10289826
10291351
10291917
10299282
10301640
10312183
10321730
10323247
10326769
10332007
10353125
10394449
10407243
10410453
10446688
10454494
10462302
10475187
10488427
10488936
10502837
10504885
10510778
10516107
10518422
10532597
10534151
10535994
10544753
10562682
10569022
10571918
10584563
10606223
10621797
10649590
10657798
10670984
10680761
10715792
10728677
10741223
10748808
10760105
10762347
10762774
10773877
10778198
10798304
10799320
10810767
10813853
10817980
10818032
10821701
10823414
10838485
10865464
10868801
10872211
10889070
10899467
10902643
10907231
10921913
10925724
10948417
10952346
10976049
10986126
11009754
11025315
11051658
11056990
11057517
11059777
11063086
11069791
11075400
11075938
11127571
11150315
11168842
11170543
11185920
11189859
11204024
11228359
11245727
11253287
11273353
11273780
11284031
11314131
11321924
11344152
11392821
11409959
11421130
11425123
11432581
11438029
11443499
11450454
11453171
11464431
11471125
11475074
11485834
11489466
11517021
11526786
11535332
11542885
11576042
11577346
11592805
11595851
11622166
11623423
11656976
11657595
11661274
11677138
11687162
11703258
11703899
11713254
11714154
11717866
11724595
11731832
11762733
11794309
11809413
11820190
11824679
11830370
11839136
11842466
11895767
11901109
11901165
11902190
11905972
11940015
11946898
11961307
11972841
11983995
11989059
12013802
12026907
12040550
12043412
12052578
12055766
12062797
12076050
12077375
12083845
12099923
12101366
12102476
12120400
12135045
12150695
12151811
12175708
12190960
12195744
12198004
12213989
12219905
12250337
12283524
12290690
12321603
12329308
12352198
12374577
12387210
12448500
12449331
12462385
12478718
12479226
12491004
12500815
12504838
12505932
12506494
12515798
12524242
12539369
12547185
12552188
12568448
12626965
12629405
12659335
12665149
12667835
12681380
12693782
12697323
12706411
12706779
12715709
12727445
12750710
12791880
12801331
12802606
12806972
12813004
12825255
12830493
12837875
12865569
12921956
12925012
12937587
12942157
12953385
12955676
12981379
12984005
12985005
12986280
13006506
13013276
13020304
13026290
13031868
13033632
13063505
13077474
13102942
13110498
13122196
13130427
13142838
13169396
13177597
13181104
13182294
13184914
13193124
13222431
13249886
13254247
13257650
13260672
13312062
13340183
13358037
13365905
13378901
13382759
13385593
13389696
13400660
13404564
13406888
13415111
13455952
13475760
13481152
13495090
13498895
13511038
13525478
13535567
13546855
13549418
13553273
13556420
13563014
13563363
13568872
13624014
13635955
13653196
13658317
13663949
13666002
13686525
13717109
13717558
13718535
13733035
13755200
13759397
13773326
13777534
13779958
13783532
13795795
13830512
13833898
13842677
13844362
13854300
13861166
13898950
13903924
13910666
13919554
13920481
13931728
13948110
13950459
13958342
13963316
13963741
13975362
13984083
13987413
14001566
14019168
14026960
14065480
14072697
14076729
14088694
14091285
14107996
14115402
14130970
14152234
14157676
14167526
14180120
14212418
14223485
14227571
14256900
14267572
14273079
14287083
14295049
14309594
14310056
14335467
14335682
14342584
14374114
14378030
14385945
14387366
14418331
14435478
14437133
14459021
14459128
14475394
14477997
14484830
14529692
14530563
14540683
14571143
14596794
14598221
14618125
14634258
14644485
14672854
14700497
14709134
14748268
14749982
14754954
14758366
14768464
14772330
14788295
14791321
14812766
14822405
14823322
14833071
14855921
14865041
14868192
14868712
14887410
14932995
14933647
14936146
14945073
14985689
15006537
15007663
15028536
15042129
15050674
15055135
15056023
15066730
15077609
15078448
15087045
15090730
15092494
15100310
15115690
15117116
15117660
15137576
15175446
15198311
15199790
15216133
15219294
15226115
15234559
15263658
15269009
15269488
15298343
15319054
15350601
15393696
15395571
15420437
15435042
15440896
15445395
15465328
15500398
15520033
15543823
15557945
15575874
15577580
15615486
15618855
15642678
15645013
15647905
15674779
15701885
15711358
15732417
15737519
15764128
15766185
15776575
15777059
15786198
15796506
15804757
15814863
15817567
15820530
15830536
15831849
15840293
15873101
15873621
15926670
15946795
15964460
15971942
15995169
15999108
15999762
15999975
16016431
16019089
16061584
16072319
16074056
16090048
16096243
16102178
16111029
16115294
16147339
16163567
16168117
16191020
16193228
16204426
16215273
16232488
16236380
16245629
16246560
16263770
16275266
16292521
16300870
16333290
16341665
16345580
16349268
16358066
16407375
16444114
16457167
16458924
16471169
16484555
16494321
16510737
16520290
16523010
16535712
16551825
16593363
16599260
16600227
16605343
16633542
16641242
16648795
16674090
16682237
16696772
16712440
16717882
16722386
16741473
16742019
16750594
16759917
16807543
16822726
16877230
16904133
16905270
16923207
16929076
16946523
16950261
16967976
16986132
17002188
17004593
17004769
17022067
17027835
17040773
17048716
17053546
17057211
17068574
17085421
17095848
17099698
17133285
17139685
17145422
17181355
17184942
17189824
17205906
17230440
17248156
17261272
17273376
17296131
17332681
17342996
17370004
17374471
17375278
17377288
17399165
17404837
17408913
17409492
17418759
17437892
17449205
17452685
17462127
17466797
17467254
17495038
17511591
17517184
17526791
17538595
17541987
17555027
17559453
17565163
17565586
17587348
17588433
17651839
17656417
17687787
17693097
17724085
17728103
17735289
17744602
17776673
17784945
17790565
17792942
17800441
17809829
17824771
17857246
17862498
17872697
17909935
17936750
17944930
17945304
17948829
17978270
17982211
18011526
18017735
18023391
18029817
18031911
18039200
18044940
18108957
18116822
18156910
18180745
18188594
18206869
18210667
18223457
18229102
18242725
18262411
18277809
18300116
18300823
18314750
18319028
18323889
18330580
18337147
18338383
18376252
18379916
18398467
18422678
18434586
18438682
18444018
18467086
18476344
18493135
18501179
18522168
18542576
18543403
18544583
18546794
18554193
18568250
18571162
18572731
18582561
18584981
18591117
18597036
18615385
18621367
18630619
18635154
18652024
18706859
18718201
18736598
18740538
18749137
18751930
18753199
18760969
18765558
18782111
18791985
18799042
18809376
18817608
18827381
18837077
18852360
18893955
18905858
18919089
18932491
18943840
18965749
18971527
18991053
19016366
19030497
19038109
19042272
19049675
19110285
19116324
19124040
19137756
19139338
19142059
19197554
19206487
19214721
19225422
19242836
19257332
19292813
19293527
19303844
19319224
19324583
19325520
19344181
19346796
19399917
19471823
19507911
19515294
19515315
19544453
19562069
19562521
19571164
19608493
19613041
19631513
19635464
19637355
19650526
19659131
19668039
19669897
19683718
19708547
19723745
19735789
19755794
19766554
19791704
19801857
19804171
19818371
19821164
19821686
19840423
19847935
19868562
19940732
19943779
19948268
19955838
19965505
19985236
19995236
19997829
20005218
20008067
20009195
20024036
20029291
20030170
20040231
20044384
20067249
20069051
20077762
20087678
20100934
20103284
20112110
20113695
20114434
20114939
20130813
20130851
20131766
20132818
20149187
20156116
20164696
20217980
20220487
20268629
20270029
20280543
20310191
20314909
20319360
20323408
20340460
20344536
20349093
20353607
20416306
20424445
20445441
20450186
20453154
20453963
20467208
20486502
20495908
20510001
20519432
20524001
20528386
20529908
20535967
20555570
20560723
20565053
20581752
20602199
20624050
20647994
20652665
20655145
20657041
20663501
20707711
20722361
20745829
20746752
20770270
20770384
20774443
20783095
20784484
20793663
20793718
20795264
20798897
20804136
20804826
20812974
20889544
20899766
20933549
20936068
20946152
20952619
20979295
20986823
20989755
20993822
21015802
21019587
21050116
21051088
21051681
21055098
21076532
21079565
21088848
21175358
21180117
21204748
21224318
21260431
21264248
21276187
21282471
21297180
21306247
21314917
21339754
21348170
21355150
21358116
21380643
21392252
21399554
21414130
21417404
21419614
21433665
21446265
21496940
21499199
21517262
21521718
21554541
21568815
21571170
21580579
21602766
21620061
21622948
21628981
21641993
21708263
21733274
21739020
21766221
21767004
21783571
21821174
21839080
21845941
21853712
21854741
21890696
21892146
21900736
21917966
21932721
21934142
21940307
21950076
21962417
21962955
21965153
21995363
21997683
22005221
22010772
22016431
22028046
22038146
22044816
22052120
22056172
22075585
22105365
22149980
22150377
22151715
22160878
22176447
22177002
22208332
22252023
22260781
22261117
22267190
22270239
22286129
22289336
22295712
22298225
22300403
22340327
22354157
22356968
22361672
22361800
22362094
22373953
22374432
22377566
22379787
22381974
22405973
22410015
22433577
22444274
22456696
22459201
22466512
22467059
22491486
22497929
22532184
22536842
22548611
22554563
22588232
22626074
22626581
22671868
22686948
22690380
22705179
22705718
22706724
22706913
22717347
22721135
22722073
22728969
22730817
22740161
22752035
22807932
22839454
22867888
22887526
22888482
22958184
23005240
23006107
23025287
23046056
23047994
23066551
23074558
23146625
23150778
23152653
23162074
23164014
23193980
23219465
23222440
23248924
23250347
23268797
23281658
23302386
23302927
23306489
23308104
23311568
23313519
23361709
23379691
23386498
23403699
23409299
23413278
23413986
23421244
23424580
23425460
23432460
23436753
23452960
23456535
23488255
23519117
23559548
23577211
23593245
23593954
23609709
23613381
23613989
23615235
23683032
23698026
23701944
23703176
23726518
23727231
23729019
23769613
23776207
23781798
23788032
23800883
23806118
23809854
23823989
23844153
23883467
23886326
23906824
23915022
23918180
23919776
23971097
23976529
23999431
24003834
24012334
24020871
24022084
24045482
24052699
24059091
24094986
24095635
24096484
24096682
24096809
24099135
24106110
24125755
24134058
24138676
24147408
24169292
24183641
24189434
24205858
24239134
24241550
24244326
24248509
24249094
24258437
24270507
24274194
24275107
24276207
24286904
24287523
24288500
24289512
24295970
24330009
24331232
24356132
24371901
24372792
24376154
24380894
24395201
24396199
24408217
24413839
24427185
24432077
24448208
24456291
24492935
24502698
24535843
24568812
24570203
24571761
24580520
24598898
24607862
24611680
24618603
24638982
24643174
24655921
24684297
24700100
24707732
24722568
24737245
24747067
24754628
24761281
24767414
24768944
24781329
24789642
24819329
24826704
24833688
24839714
24843656
24859559
24881261
24882933
24884581
24885764
24896925
24937790
24940907
24950533
24976471
24997126
24997883