4188
4239
10143
14159
24138
29716
31745
35168
37275
39722
40297
40901
41590
45262
49449
52859
53148
58561
63608
63710
67212
67838
68378
72532
76721
76907
77038
78887
81902
83549
83948
86527
87191
87430
91752
94509
94725
104183
105526
112134
113026
118526
119250
119601
122010
126054
127514
129092
131979
134430
137133
139269
140296
143182
144353
148552
148609
148621
150970
151345
151657
157701
161111
164695
170027
173049
175674
182571
183528
187852
191186
193235
199365
199787
201994
203431
207712
208878
210288
212191
212560
213199
215669
217215
220344
222610
223281
224062
224774
224844
226454
231084
231809
234944
235120
236368
237201
238133
238655
238676
240267
242367
244173
244508
245544
248598
250499
250967
257636
257777
260288
263933
266393
269924
270819
273789
273840
274064
276948
277364
283324
283648
284627
286420
286898
296344
299423
304430
306086
307306
307924
311550
312584
313643
314983
315947
315978
316996
323729
327449
328657
328846
333952
336403
342279
345191
348108
349117
349180
350209
351949
353220
353758
355447
355608
356096
356635
357628
357979
361300
362428
362706
371388
371989
373148
374213
379932
384837
386506
391256
391673
392584
394943
398931
406015
408451
409825
411572
411823
413413
413564
414398
415784
418967
421893
421894
425404
425961
427544
429370
431275
432140
433799
436769
437843
438212
438291
439023
441821
447623
452507
456758
459270
460889
461707
463187
466485
469741
471703
474637
475588
483896
486894
490986
497988
499819
501824
502764
505775
511299
513457
514485
520068
521369
521474
522639
523288
528210
529214
532064
534178
534856
536902
538424
541583
542544
546204
549794
555370
559832
565596
569650
572313
572498
575197
576022
577609
580475
584605
586041
586425
588301
588985
590028
594867
595259
595405
599376
602915
603627
604178
605916
613568
620129
631511
632584
633126
633883
634231
640801
641203
641692
644803
645178
653263
659728
660443
660561
660811
661518
663116
663221
665559
667294
670222
670358
672571
674991
676015
678261
679343
682677
683608
684922
686451
693621
694683
695914
700280
705360
714277
714960
728306
731888
733533
734185
734461
736346
736876
744952
745498
745692
746418
751670
758124
760222
763274
765339
766579
766593
768854
770507
776963
777953
778776
781087
781190
784586
784782
789057
790787
792522
793531
793610
809686
809850
813444
818383
819917
819965
821037
821922
824740
826114
828321
828982
833355
836513
837592
842935
843461
847816
849854
851829
853273
859664
860325
861053
861634
863285
863903
864422
870509
870947
871036
874442
874623
876016
881213
881904
882670
883161
885459
894367
898358
900146
903189
904339
912605
915666
916593
917315
917327
918071
935092
936921
940494
941464
942583
946769
948339
950140
952040
953981
955196
956781
959517
959952
961815
961866
963500
964212
965743
965750
967025
968404
974991
980342
987242
988354
989692
991027
991624
992611
997709
1002441
1004047
1007556
1008303
1010172
1010955
1012657
1013408
1013820
1017149
1017604
1017691
1021658
1025681
1027778
1035342
1035933
1037731
1037784
1038557
1048525
1048599
1049803
1052272
1056175
1056644
1056930
1065709
1066760
1068347
1068392
1069212
1072145
1073562
1074361
1076910
1079019
1080286
1082725
1087777
1089598
1089659
1089966
1094423
1096349
1098974
1101440
1101832
1107787
1116008
1121672
1124509
1125337
1127566
1130491
1132952
1135152
1140107
1146101
1147643
1147875
1152831
1154962
1157884
1159158
1162612
1166723
1168464
1174321
1176201
1179241
1182329
1183365
1186755
1187034
1187188
1188055
1188478
1191659
1204815
1213837
1215886
1217033
1217191
1224488
1224658
1226161
1238942
1246618
1251394
1252767
1254132
1255362
1256997
1265337
1275537
1279914
1280343
1282936
1284605
1297229
1298388
1302767
1305433
1307458
1310441
1312253
1318644
1322057
1324810
1331107
1332416
1334953
1337801
1338140
1345660
1348429
1348926
1352928
1355373
1356223
1359354
1359641
1364050
1369017
1369126
1369719
1372336
1375915
1377681
1378522
1380362
1380700
1384678
1386636
1388720
1391739
1396668
1401751
1402472
1411218
1412049
1413938
1414827
1416612
1416723
1418851
1419589
1430362
1433418
1439820
1441583
1442859
1443046
1446236
1448587
1448671
1450322
1454058
1455790
1456436
1461364
1461761
1462547
1462810
1465402
1467523
1468469
1473151
1475924
1478057
1480870
1481575
1484350
1485655
1485748
1488420
1489147
1489922
1491276
1496828
1499623
1506946
1506946
1512275
1513256
1514724
1515531
1517050
1521983
1523988
1524722
1527012
1528560
1529334
1530218
1535143
1536437
1537041
1544368
1544716
1551836
1553716
1557602
1559192
1562186
1566528
1566778
1568400
1569255
1573177
1576478
1577052
1582432
1588275
1588558
1588726
1595597
1596280
1600200
1601664
1603213
1604668
1605528
1607595
1608324
1612245
1614552
1615330
1618667
1620005
1624263
1625048
1625875
1633581
1634328
1637490
1638595
1639863
1639982
1641729
1648498
1648966
1650696
1652325
1656076
1659133
1659509
1660610
1660824
1669854
1673289
1674128
1676861
1679228
1679734
1680013
1680528
1687403
1688107
1691569
1692220
1698127
1698531
1699945
1702934
1703283
1704510
1707130
1709233
1709317
1719774
1720477
1720482
1722776
1724019
1724601
1724805
1725468
1727911
1730044
1731461
1735677
1743891
1749432
1750646
1753676
1757019
1757845
1764296
1765067
1768738
1769685
1770207
1772619
1772795
1778130
1782150
1782944
1787330
1790086
1790556
1790948
1792619
1794830
1795452
1796190
1800937
1805367
1805509
1809922
1810474
1811679
1819438
1819543
1821772
1828466
1832909
1835753
1836979
1837532
1838748
1839765
1840277
1845450
1850997
1856183
1862718
1865643
1865964
1869414
1873088
1875365
1877450
1878162
1878623
1882742
1885351
1887018
1887359
1890321
1892495
1894061
1897920
1905336
1916378
1917142
1919298
1921570
1922550
1927425
1931243
1932550
1932555
1934676
1943388
1944828
1944849
1945524
1946999
1952590
1953902
1954439
1955005
1955559
1956401
1959550
1960480
1961854
1963107
1965399
1968710
1970003
1980049
1982397
1988297
1990068
1990816
1997326
1998318
2002580
2002828
2003957
2004451
2004753
2009228
2010189
2012751
2014103
2021761
2026961
2027760
2032223
2032270
2039162
2040219
2043257
2043943
2044264
2046351
2047283
2048532
2053041
2054303
2054340
2055008
2059104
2060719
2062629
2067129
2080206
2081286
2087680
2088743
2088919
2091262
2096321
2097094
2099268
2099940
2103949
2105341
2108264
2109198
2111774
2111900
2113416
2113537
2119833
2123469
2125491
2125805
2127716
2135601
2141163
2145194
2146389
2147415
2148993
2149229
2150275
2160386
2160940
2169125
2169356
2171299
2171558
2172269
2174267
2178838
2187829
2188927
2190335
2190481
2197681
2198241
2200129
2212123
2215416
2217995
2219011
2222733
2224771
2226611
2227341
2229157
2232047
2235711
2241144
2241185
2243673
2248133
2248621
2249820
2252008
2252872
2253928
2255734
2259851
2261005
2262659
2263922
2269590
2271364
2281089
2282785
2284105
2287241
2288537
2289125
2291257
2293314
2293810
2294435
2296699
2300407
2302023
2303193
2307168
2309615
2316005
2323186
2324110
2327557
2330508
2331959
2336954
2337011
2341278
2341867
2342552
2352655
2352884
2358173
2358441
2360225
2366134
2366932
2368082
2370277
2374588
2375874
2376288
2377923
2381505
2382279
2382931
2383090
2383426
2383762
2385047
2389810
2396934
2397991
2399649
2402731
2404279
2406761
2408259
2412293
2412384
2416710
2418421
2419306
2420059
2424668
2425551
2425784
2430944
2433163
2434723
2440883
2443187
2443459
2448968
2450043
2452206
2457643
2468291
2497263
2499963
2500179
2505270
2511088
2511524
2513771
2524720
2525309
2527732
2531108
2536212
2537388
2537599
2540806
2541132
2543616
2546928
2555213
2559159
2564314
2564873
2573380
2573770
2581491
2593747
2593770
2595423
2595714
2595887
2597056
2599294
2601746
2606595
2608501
2611268
2612178
2618344
2619690
2627201
2627602
2627960
2628104
2632664
2632708
2634240
2634437
2636417
2636876
2638435
2641774
2642975
2646697
2648164
2648493
2648856
2651427
2653647
2654808
2661663
2662625
2665207
2670959
2671397
2672093
2673595
2682769
2682934
2683938
2685000
2686983
2687223
2687775
2688274
2688544
2688750
2693655
2694351
2695605
2696095
2699874
2706151
2708160
2710882
2711833
2712570
2718952
2719941
2720991
2721456
2725909
2728871
2729042
2730832
2733576
2734318
2734525
2734781
2740426
2742094
2742718
2744325
2746226
2746959
2750168
2750690
2752167
2752580
2753934
2760231
2761858
2772616
2775592
2778156
2779466
2782471
2783636
2784026
2784988
2787243
2788197
2791891
2793979
2795482
2797065
2807150
2809058
2815398
2818972
2819286
2820421
2822227
2824116
2825277
2826018
2827216
2829631
2832309
2833249
2833647
2835013
2837079
2837901
2844706
2848731
2851445
2851782
2857433
2862971
2868046
2869278
2869554
2870785
2879957
2888842
2890052
2891584
2894902
2899955
2901808
2903737
2906457
2909590
2910476
2910935
2911342
2912347
2914097
2914649
2916191
2921446
2922412
2924092
2925054
2926271
2927364
2929045
2929154
2931462
2932728
2935308
2939455
2939537
2939828
2940083
2942189
2952105
2954699
2955017
2955456
2955611
2955801
2960826
2964129
2964716
2972623
2976698
2980761
2984812
2988393
2989034
2989756
2991763
2992937
3000920
3001955
3004290
3010878
3012227
3014435
3015436
3015631
3020298
3022972
3029128
3039758
3040821
3041418
3043423
3046117
3047711
3051560
3051562
3052413
3054745
3055810
3056161
3057138
3059521
3061352
3065328
3072582
3079511
3086888
3093611
3095518
3096602
3098059
3098820
3099056
3103096
3103152
3103598
3103734
3107842
3109300
3112557
3113368
3114035
3115059
3115838
3115872
3119688
3120688
3121817
3128905
3129370
3129414
3130103
3135889
3136997
3137179
3137209
3142521
3142737
3147323
3148180
3148545
3151294
3151589
3152855
3152999
3157215
3157284
3157307
3162660
3166671
3168789
3169560
3171625
3173944
3179038
3179260
3181893
3184816
3187191
3189875
3193044
3193124
3193498
3201139
3205630
3210706
3218480
3221683
3226292
3227450
3228973
3228991
3229699
3231133
3231172
3233397
3235571
3235864
3236922
3238373
3238622
3239762
3240200
3241923
3243708
3252236
3253344
3253465
3254257
3254688
3255216
3255562
3258581
3260036
3260598
3263907
3270602
3274475
3278600
3278877
3282382
3284726
3284950
3286853
3289519
3291624
3296957
3299387
3301880
3303275
3307511
3308719
3308910
3310789
3318601
3319222
3320165
3323497
3323826
3324191
3333158
3338069
3338531
3341946
3349751
3350038
3350686
3355265
3358647
3360462
3362343
3367493
3372048
3372948
3376616
3376935
3378136
3380565
3385559
3387453
3387853
3388002
3390182
3393441
3396941
3403215
3404336
3404445
3408518
3412212
3416671
3416706
3422064
3424327
3431103
3432173
3436100
3443792
3445946
3447700
3448315
3457407
3462736
3468071
3472541
3479188
3479877
3480701
3480926
3482261
3483568
3493770
3494269
3498266
3498347
3505404
3509740
3511556
3514974
3518957
3519494
3521387
3521536
3521900
3522852
3523473
3523889
3525120
3526259
3527516
3528556
3529768
3538810
3545281
3554212
3558322
3560814
3560889
3563913
3564470
3565034
3574469
3582430
3582597
3583762
3585493
3587062
3588486
3595929
3597592
3601086
3603770
3604179
3607750
3612915
3613903
3614484
3614591
3617135
3620480
3628782
3634433
3635563
3636060
3636615
3638845
3639687
3641544
3645532
3647005
3653830
3654816
3662622
3662678
3663630
3664295
3667130
3670956
3672542
3672551
3672988
3676085
3676743
3684397
3684525
3687520
3689535
3689995
3694948
3699816
3701180
3702066
3707343
3712349
3716619
3722237
3723236
3728902
3729764
3730834
3734467
3743255
3743413
3745490
3747073
3749921
3751120
3754567
3759010
3761032
3761922
3765770
3769235
3769459
3772193
3773970
3777298
3777797
3780936
3782434
3782647
3784403
3785449
3786707
3788377
3789907
3791879
3792905
3793736
3794951
3796943
3797072
3798007
3799055
3803025
3804813
3805828
3808031
3808171
3812409
3819996
3823248
3825762
3827167
3831097
3835120
3835580
3836209
3837825
3839925
3840423
3841551
3843133
3853642
3854055
3855293
3856222
3857223
3865139
3870347
3872716
3874126
3889070
3892069
3892653
3896266
3898622
3908183
3908878
3909964
3912862
3913625
3920491
3921925
3922845
3927148
3927984
3928030
3935672
3936786
3937305
3942422
3946727
3953381
3955678
3956184
3959064
3962337
3962506
3974871
3978347
3980924
3983096
3985118
3990028
3993480
3994773
4003943
4006285
4006322
4010990
4011293
4016464
4020776
4021783
4023783
4024378
4025319
4026457
4027520
4027648
4028534
4031707
4038601
4041394
4044363
4048877
4050331
4052143
4053265
4055360
4056254
4059399
4059890
4063058
4064765
4075503
4075769
4078321
4079887
4081448
4082583
4083066
4084124
4085708
4088574
4089834
4091237
4093351
4094218
4094362
4096704
4098323
4099242
4099772
4101186
4103712
4104831
4111660
4118949
4122072
4123482
4126181
4126935
4129838
4134460
4139622
4139867
4140385
4142398
4149260
4152001
4159278
4167525
4168813
4170209
4171342
4171699
4172842
4175289
4180804
4184218
4186879
4189156
4189876
4190257
4194057
4200985
4202086
4203119
4211724
4213488
4213631
4221297
4221763
4222323
4223718
4228260
4237920
4238100
4239232
4241365
4246599
4247558
4248525
4250573
4251717
4252378
4252516
4253950
4255680
4256486
4260454
4268518
4272908
4274297
4275049
4276070
4276958
4281552
4282551
4286345
4286748
4287199
4290029
4291705
4291917
4292442
4293958
4297556
4297801
4298128
4301442
4304737
4308034
4312854
4319216
4319864
4322083
4323265
4327164
4331088
4335152
4337098
4340938
4348354
4348464
4354761
4355771
4358419
4358569
4360276
4367110
4368635
4372731
4376147
4378115
4380513
4380668
4383177
4384957
4390840
4392157
4392732
4394697
4399691
4399890
4400448
4404807
4405420
4405650
4406015
4417374
4420455
4427175
4431043
4431392
4433231
4435750
4435877
4439882
4443933
4444982
4446083
4446501
4450710
4451177
4451406
4452687
4454933
4459051
4461175
4464775
4465611
4465899
4466069
4466734
4470740
4476576
4477839
4478391
4487298
4487462
4496851
4497175
4499828
4504467
4504530
4508971
4509027
4514100
4515346
4516066
4516106
4516383
4517342
4518316
4520282
4521592
4529640
4534925
4535833
4536656
4537837
4537967
4541406
4546369
4550227
4563655
4564065
4564612
4564835
4567845
4568853
4570479
4570963
4571665
4572022
4578707
4586930
4588272
4590181
4591479
4594247
4596458
4598582
4603640
4606855
4608516
4609404
4610558
4611107
4616882
4616934
4620172
4620811
4621431
4627704
4627810
4632074
4634125
4636806
4637715
4638769
4639844
4640073
4641414
4642787
4643562
4646917
4647723
4649984
4650028
4650958
4656129
4660873
4666325
4675384
4675972
4675983
4679181
4684710
4685609
4688067
4689397
4695164
4696664
4699050
4699146
4703715
4707265
4709372
4712422
4713615
4716823
4717618
4720123
4720972
4727387
4727963
4728103
4728566
4730281
4733963
4734403
4736371
4741504
4743196
4744208
4744414
4745825
4746931
4752191
4752193
4753505
4753673
4756461
4758272
4760044
4761147
4762473
4762721
4766387
4767875
4768980
4770836
4773882
4774113
4776771
4778012
4780118
4781342
4781698
4781964
4783684
4784739
4788059
4792426
4794818
4800498
4800867
4801204
4802275
4802732
4806296
4807465
4808543
4808729
4812489
4818213
4820170
4824982
4830188
4830778
4832107
4841458
4841496
4842962
4846412
4847146
4850489
4853451
4853515
4864556
4868733
4870049
4870419
4870962
4878216
4887512
4887778
4888877
4896317
4899084
4909188
4909190
4909413
4913510
4914844
4915880
4919322
4921025
4922767
4922803
4925018
4929164
4930313
4932286
4937351
4938600
4938910
4940011
4940057
4941580
4943938
4946626
4947761
4960704
4961396
4965510
4966751
4969022
4969334
4969958
4971617
4972842
4973896
4974813
4978086
4980877
4982995
4985515
4985626
4986270
4988350
4988904
4990225
4990380
4994908
4995901
4998446
4998884
5000176
5001790
5005079
5009043
5009759
5010528
5011411
5015247
5016799
5021947
5022663
5024528
5031183
5031974
5032844
5035059
5035938
5036532
5037589
5042449
5043041
5049773
5049979
5053864
5054114
5054936
5055771
5058206
5059011
5059352
5063697
5065227
5066086
5073256
5073451
5075971
5077785
5079458
5084240
5086109
5086532
5086806
5093248
5093835
5095686
5095850
5101021
5105926
5110674
5112636
5113291
5116011
5117770
5123440
5125268
5131072
5132397
5132784
5133456
5134347
5136320
5145173
5146508
5146716
5147798
5148965
5149398
5154027
5155487
5159939
5159974
5161616
5163449
5165306
5165774
5166535
5167731
5169658
5170138
5172053
5176483
5178234
5178253
5181195
5191778
5192569
5193219
5195777
5196190
5196518
5197351
5197545
5199035
5203442
5206092
5208539
5211089
5214763
5224093
5225051
5225311
5229882
5232238
5235086
5235824
5238646
5239506
5241615
5244748
5251474
5255705
5255823
5256908
5256991
5257547
5261095
5261481
5262415
5263691
5265482
5268708
5270157
5272458
5275422
5276199
5278372
5279364
5282641
5285616
5288710
5289644
5291720
5295249
5295410
5296518
5296757
5297794
5298389
5301039
5303066
5309989
5310431
5313504
5314139
5321551
5324916
5331136
5335852
5339392
5343233
5350173
5354255
5354273
5360772
5366338
5367149
5367632
5369312
5370953
5371173
5374219
5375254
5377755
5378330
5380787
5381649
5382018
5382943
5383945
5384386
5390464
5391941
5392628
5398530
5403961
5404241
5404260
5405968
5416820
5417869
5423296
5424376
5424579
5426154
5428933
5429673
5430340
5440163
5440652
5441787
5442276
5445250
5448128
5448670
5450103
5451575
5456605
5458160
5461883
5467373
5468891
5469406
5472290
5472653
5476249
5479565
5479630
5485505
5487515
5489405
5491895
5499783
5500185
5500274
5500570
5500687
5500729
5505220
5505486
5505760
5505878
5511437
5516336
5518166
5520697
5524293
5526649
5527459
5527891
5538243
5548062
5548831
5549920
5554935
5558053
5563955
5566555
5567981
5569183
5572416
5580266
5588218
5590512
5596347
5596741
5598487
5600224
5600465
5602100
5603182
5609286
5617590
5622393
5625718
5625752
5629226
5631617
5633747
5635640
5638467
5643546
5644293
5644767
5648185
5649459
5652017
5656674
5657463
5662555
5664805
5665990
5666312
5672882
5677654
5679372
5679696
5683961
5685376
5689441
5695141
5698737
5700703
5704911
5707640
5711756
5717515
5720696
5734964
5735517
5739077
5740242
5741982
5742483
5745836
5749950
5750051
5750443
5752327
5752401
5753465
5754927
5760413
5763407
5763560
5764047
5764213
5767076
5772832
5776933
5779881
5781452
5781570
5781753
5782683
5789566
5792530
5800441
5802421
5803035
5808686
5810559
5812604
5812805
5820014
5820673
5822753
5823771
5828534
5831175
5833966
5833981
5836250
5836568
5837795
5843667
5847513
5847963
5848049
5851172
5858325
5859008
5866657
5868526
5869477
5869877
5870460
5871314
5873662
5874656
5874666
5876457
5878972
5881306
5881688
5882730
5885551
5885811
5886168
5890450
5895042
5896487
5897409
5899240
5899284
5899466
5904288
5907910
5916327
5916594
5919387
5919853
5922586
5929742
5933326
5933612
5936411
5937004
5939454
5940778
5942278
5943116
5943146
5946085
5949592
5950840
5952898
5955471
5956077
5957363
5962230
5966449
5967632
5970228
5972601
5974510
5976819
5978055
5993767
5997974
5998996
6006755
6009099
6011581
6013301
6013603
6017150
6021093
6021178
6021185
6022293
6026705
6031169
6032360
6033553
6035540
6037011
6039124
6041300
6047031
6047146
6050062
6051870
6052963
6053140
6054248
6059440
6059870
6061493
6067448
6067752
6067861
6068289
6071493
6076930
6077860
6082229
6084706
6085380
6089559
6093540
6097117
6103139
6103968
6107856
6108786
6110238
6110362
6113652
6119636
6122960
6123467
6124107
6125636
6125953
6126065
6127217
6127471
6131077
6131260
6132664
6132840
6134709
6139579
6141255
6142665
6145113
6149871
6159453
6160056
6163668
6164440
6164983
6168548
6169416
6172629
6173088
6175222
6176346
6177142
6177868
6179697
6181091
6182730
6183023
6183044
6185327
6190872
6192512
6193134
6197244
6198607
6200413
6202079
6202792
6202974
6203609
6207188
6207309
6207660
6208880
6210584
6210759
6213862
6213869
6216142
6216617
6218232
6221447
6222613
6226406
6227260
6228448
6228806
6232871
6234023
6237973
6239313
6241868
6242085
6244494
6246187
6250388
6250931
6256019
6259693
6264047
6271232
6274108
6274270
6276045
6277637
6279679
6279683
6282134
6283702
6284858
6287016
6287404
6289780
6290345
6293620
6294268
6299079
6304951
6310664
6311565
6312824
6313536
6315502
6318832
6323664
6326054
6326754
6328608
6331601
6332447
6336903
6337074
6337182
6342388
6346450
6347043
6349498
6349610
6355039
6355804
6360010
6360556
6363654
6364593
6364823
6365722
6366627
6368264
6373842
6377261
6377726
6378275
6378689
6380446
6393445
6396955
6397429
6400124
6408471
6411777
6412995
6413251
6414322
6415670
6416445
6424241
6425043
6426229
6432753
6438939
6439050
6444793
6446206
6446646
6447643
6447865
6450679
6451620
6452270
6454710
6456153
6459147
6462599
6466888
6469340
6473591
6478450
6480598
6482046
6482080
6484298
6492346
6499233
6500359
6507388
6511265
6511822
6513094
6514890
6517978
6523597
6532783
6538367
6545510
6546044
6549254
6550833
6553779
6554455
6556560
6558028
6561500
6562250
6565030
6568218
6568783
6568845
6571554
6571609
6572138
6573056
6573881
6574506
6574892
6577941
6579706
6581246
6583898
6585553
6587267
6591971
6593213
6595793
6596199
6597751
6598415
6603875
6604517
6605446
6610579
6611260
6615436
6619479
6620904
6621004
6622912
6623081
6623148
6632936
6634471
6642904
6645794
6651019
6651195
6655930
6656136
6659359
6662521
6663081
6664920
6665395
6667543
6667751
6670818
6675140
6675915
6675929
6680179
6683706
6684414
6684924
6686140
6686231
6688008
6689279
6695090
6695310
6695484
6696382
6698572
6703010
6704981
6705206
6707274
6711154
6714377
6716639
6723487
6724603
6724892
6725122
6729440
6735841
6736779
6742368
6747563
6748766
6750546
6751422
6752473
6754968
6755667
6757785
6757796
6765183
6766184
6768254
6768490
6769432
6769748
6772700
6774151
6774294
6774567
6774584
6776053
6776813
6778297
6780236
6780254
6780808
6780988
6781378
6794356
6795200
6797626
6799424
6807249
6808519
6810296
6810330
6811773
6817896
6821484
6823341
6828164
6832290
6833845
6834034
6838076
6839251
6846854
6849294
6850916
6851885
6856295
6857433
6859249
6860265
6861658
6862717
6865207
6866643
6866900
6868124
6872569
6878593
6880783
6882314
6889551
6890834
6895692
6896737
6897253
6910189
6911094
6912558
6916782
6920273
6922754
6924523
6926113
6926529
6926531
6927286
6930527
6937260
6938767
6942484
6945346
6945544
6953425
6954146
6962325
6968833
6969201
6969829
6972539
6974967
6976906
6978234
6979028
6982013
6986062
6986881
6989261
6990174
6992111
6998730
7000320
7001844
7006808
7007155
7014668
7020186
7020892
7021041
7023938
7026031
7031598
7042671
7043595
7050113
7050658
7053947
7054361
7054510
7056822
7061488
7066409
7066747
7068440
7070434
7076913
7077977
7081274
7086997
7088307
7089243
7090287
7096494
7099016
7103147
7103257
7103883
7107496
7116780
7119031
7119361
7120478
7121027
7121760
7123285
7123804
7124765
7129025
7129726
7129967
7132500
7133037
7133737
7134701
7135800
7139406
7142226
7142742
7144154
7144721
7146186
7150300
7152056
7153340
7153962
7154706
7156724
7158837
7163231
7163504
7169095
7175850
7178698
7179257
7180872
7182015
7183380
7186752
7189286
7200874
7201490
7203482
7211135
7211666
7212832
7215500
7219799
7222508
7224112
7227859
7230885
7235118
7235987
7239753
7240425
7243097
7247780
7248478
7249006
7249656
7250913
7256769
7259685
7263998
7264059
7264568
7265714
7266015
7267159
7267207
7267408
7273415
7274422
7274843
7275638
7275691
7276015
7276242
7277116
7278707
7279839
7281579
7287892
7289354
7293908
7296089
7301519
7308584
7311274
7311335
7314833
7324629
7327154
7328071
7330635
7331160
7331929
7333406
7335011
7336435
7339731
7340940
7344867
7344900
7349236
7354346
7355832
7355990
7358687
7360711
7361289
7363799
7367732
7369894
7373792
7373849
7374633
7377573
7378644
7379882
7383361
7387341
7387506
7391032
7395638
7402787
7406606
7408927
7411250
7413721
7419041
7419657
7419663
7429118
7432514
7433049
7434943
7442500
7443885
7445019
7448202
7453633
7455137
7455170
7456692
7456902
7459913
7468151
7469675
7471135
7474842
7476055
7477385
7479132
7484101
7485147
7488500
7490842
7493478
7495825
7497231
7497986
7499221
7500645
7501745
7503135
7503683
7503940
7506064
7509975
7510572
7516374
7522618
7524050
7527387
7527527
7532188
7532617
7534059
7535943
7536370
7540380
7545021
7546276
7546676
7550154
7551883
7555618
7558457
7560490
7562933
7569525
7569691
7572836
7584576
7586121
7589439
7590558
7599738
7600424
7601493
7604197
7607265
7610610
7612719
7616489
7617259
7619914
7621003
7622929
7631386
7633836
7635228
7637319
7650626
7650820
7652655
7656215
7657639
7658644
7659251
7659666
7661845
7662661
7664987
7667953
7673514
7673688
7675150
7676746
7681389
7682916
7688143
7696116
7696120
7697857
7698888
7704661
7705673
7708386
7708799
7709087
7710796
7710806
7715160
7715771
7717649
7720583
7721305
7722094
7723873
7724413
7725313
7728725
7728728
7728982
7730365
7730387
7731083
7732162
7733591
7739163
7740020
7741925
7745446
7747560
7748318
7751495
7752245
7753995
7756001
7756254
7756844
7760720
7765591
7770285
7771278
7776043
7777354
7778957
7780024
7781054
7785550
7788523
7791825
7796654
7797680
7798893
7800751
7808520
7810820
7813844
7814119
7816062
7817466
7820864
7827010
7829894
7833778
7833974
7836339
7838158
7839723
7848472
7853121
7855115
7859187
7867200
7873762
7875323
7875369
7879423
7887080
7888500
7892671
7893846
7895533
7905622
7910130
7913771
7915170
7920138
7920902
7920967
7931549
7940111
7940264
7943044
7952317
7953485
7957072
7960751
7962904
7963201
7963938
7968396
7970855
7972740
7975188
7984617
7990305
7992579
7994662
7994798
7995140
7995616
7997170
7997191
8000939
8001106
8005075
8005961
8008322
8011321
8015244
8015510
8016390
8029787
8039733
8040824
8040851
8042619
8043302
8045310
8045816
8047335
8047488
8052901
8053872
8057983
8060366
8060990
8065070
8067693
8074913
8076745
8082078
8083514
8087390
8089400
8090140
8093944
8098135
8099923
8104325
8104331
8106442
8107737
8108362
8109799
8110807
8112891
8118216
8132155
8133778
8136170
8137652
8141444
8143362
8143579
8146186
8151007
8152043
8158248
8159445
8160090
8165748
8166250
8166956
8167476
8171533
8171560
8173330
8173536
8175723
8178361
8179023
8182227
8186193
8190592
8193539
8195165
8203071
8203975
8205494
8206724
8207086
8209503
8210105
8210639
8211057
8212630
8212814
8213959
8214624
8217767
8220262
8221481
8221814
8222722
8223299
8224200
8226820
8229885
8234960
8238815
8242019
8242469
8243301
8245835
8256161
8256851
8258723
8259937
8261093
8261708
8262073
8262423
8263924
8269662
8278023
8284130
8284583
8288880
8295566
8295934
8296780
8300700
8300880
8305170
8309708
8310172
8310964
8311954
8322875
8325180
8325966
8327633
8332149
8334574
8337755
8338121
8340886
8341751
8349330
8353644
8357001
8358059
8358614
8366233
8368717
8370011
8370791
8374098
8374157
8377180
8377302
8378361
8378377
8378406
8378974
8385938
8393178
8393488
8394654
8401595
8411357
8412945
8415097
8416341
8427584
8431505
8431522
8436764
8439605
8447060
8451429
8452647
8454735
8454856
8455250
8458212
8458300
8463123
8463225
8465217
8468517
8468967
8471704
8473946
8475419
8477319
8482325
8483265
8488200
8491231
8492372
8494931
8496298
8500893
8502931
8510710
8511993
8512122
8517617
8518185
8518601
8518991
8520343
8521177
8524068
8525785
8532890
8533114
8533284
8538726
8544150
8545008
8545497
8545959
8549879
8556750
8560240
8562603
8563986
8566238
8569224
8571602
8575708
8589717
8595413
8597834
8598419
8599209
8600172
8601128
8601586
8604212
8606548
8607260
8607575
8614103
8614944
8617906
8619550
8619568
8625884
8626994
8628296
8628608
8630396
8630440
8634765
8639826
8640572
8641363
8642320
8643756
8644327
8645307
8648624
8652680
8659307
8661550
8665301
8666780
8667087
8667538
8667937
8667961
8669596
8670325
8673307
8674609
8677411
8685219
8691477
8693035
8695029
8697228
8697771
8704494
8706643
8706732
8709880
8710830
8710862
8711332
8718771
8719232
8719583
8720246
8721843
8723959
8737393
8737443
8738815
8741892
8747039
8747724
8749363
8750926
8755728
8759508
8759579
8760425
8762011
8763729
8772812
8773162
8773841
8774597
8776231
8776856
8780786
8780931
8781465
8781830
8782278
8782713
8783426
8785155
8791183
8794908
8801343
8808093
8811322
8812897
8813217
8813413
8820943
8822643
8826176
8827354
8831492
8832184
8833349
8836498
8840464
8840832
8842395
8843302
8843931
8844569
8845130
8845960
8849801
8850514
8853449
8855392
8855724
8856482
8858388
8863884
8864426
8867592
8868102
8869075
8869346
8870902
8871322
8875986
8876724
8878904
8879446
8880498
8889539
8891880
8895394
8896147
8896458
8898830
8903288
8911915
8913010
8913098
8916678
8919658
8923214
8929785
8933774
8938760
8939535
8944375
8944802
8947046
8948587
8950338
8950599
8951744
8952032
8958312
8959351
8960369
8962346
8964237
8964885
8969790
8971720
8973996
8981192
8982462
8982976
8984470
8988502
8988972
8989399
8990156
8991260
8992541
8996236
8996951
9000792
9006365
9007158
9008380
9009700
9013945
9021087
9022108
9022506
9026323
9029939
9033999
9035380
9043129
9043652
9047327
9055124
9055314
9056141
9065880
9067629
9070169
9070984
9073363
9073465
9080002
9085737
9087414
9091294
9091326
9092506
9094241
9098231
9100970
9101045
9106838
9106839
9115476
9115675
9115699
9121745
9123183
9123305
9127494
9129329
9129428
9130376
9134217
9134674
9137281
9137287
9139364
9144365
9145171
9147181
9147699
9147710
9148159
9150665
9150782
9153976
9156779
9157274
9160951
9162295
9168034
9174915
9175744
9178040
9180288
9181177
9182479
9187247
9188129
9190095
9193300
9194397
9198673
9205207
9209552
9211123
9213434
9213569
9214888
9216306
9224005
9224361
9233765
9238807
9239287
9241004
9245001
9246781
9246890
9248219
9249030
9249220
9253177
9253200
9254327
9262573
9263936
9266883
9269796
9272942
9277303
9277489
9278284
9281121
9287397
9291731
9292144
9294375
9294533
9295907
9300389
9300512
9303218
9310008
9315517
9316544
9317023
9321648
9325929
9332398
9336163
9336241
9340214
9343086
9346720
9349560
9354994
9355154
9362061
9362397
9363060
9366503
9369533
9370087
9371299
9371325
9372827
9373984
9377758
9381398
9383277
9383603
9390470
9391950
9393851
9395510
9398172
9398606
9400994
9402158
9403735
9408281
9410267
9412923
9413389
9414329
9414587
9419576
9425264
9425902
9431180
9432786
9432922
9440964
9441943
9444060
9444663
9446497
9449988
9450483
9452069
9453801
9454058
9456768
9457058
9457930
9463827
9465469
9465656
9466701
9472338
9481028
9482441
9482502
9485308
9487398
9489537
9490298
9492535
9492795
9495528
9502772
9502888
9503526
9503691
9505258
9505655
9507382
9508967
9510282
9515129
9521457
9523098
9525464
9534035
9535540
9539030
9543490
9543687
9545366
9546031
9546220
9547631
9549395
9551001
9552990
9557367
9564471
9567151
9568046
9570532
9576103
9577239
9580204
9582153
9583183
9590368
9593523
9594040
9594931
9595214
9598635
9600862
9604206
9604667
9607825
9608672
9615633
9616733
9617187
9619822
9620986
9622106
9629794
9631643
9632603
9635565
9637266
9643737
9644424
9644502
9652815
9654140
9657231
9657461
9670059
9670125
9670169
9670692
9676058
9677250
9678422
9682822
9683455
9684324
9684355
9685059
9685076
9686913
9687153
9690864
9690964
9691617
9691763
9698531
9698628
9699971
9700064
9709356
9723898
9724888
9725753
9727352
9728850
9731586
9732716
9733065
9733457
9735832
9739441
9740916
9740928
9745318
9752440
9754209
9756746
9761380
9767081
9767759
9769720
9769911
9770447
9774858
9776456
9781622
9782127
9783043
9785136
9788653
9792620
9799017
9804221
9804822
9805148
9805622
9811646
9814019
9815125
9816316
9818178
9819132
9822386
9828417
9837178
9842018
9846058
9848818
9849604
9849647
9854262
9857584
9858191
9858766
9864823
9867254
9868831
9873857
9874654
9874904
9875758
9876555
9878739
9879293
9882110
9890357
9894975
9898276
9901349
9902771
9907062
9907927
9910950
9913034
9913765
9913817
9915329
9917969
9928214
9938537
9940671
9941891
9946135
9953214
9954122
9954308
9954907
9955202
9959103
9960360
9963547
9967182
9967232
9970121
9970327
9971090
9973263
9973464
9973700
9974216
9974643
9978514
9978793
9979215
9979795
9982406
9983563
9991145
9997694
10002104
10004807
10006662
10007388
10010211
10016066
10019380
10019722
10024822
10027075
10031715
10032453
10033179
10035330
10037758
10039788
10043039
10045973
10046797
10047475
10051595
10052646
10053214
10055842
10057683
10057744
10060143
10062046
10062164
10063555
10064121
10064535
10069389
10069731
10070000
10072345
10075182
10085613
10086598
10089285
10093082
10094798
10095685
10096169
10096502
10098390
10100843
10104752
10104971
10106573
10106597
10118579
10119061
10121857
10124334
10127863
10132442
10132873
10134920
10135530
10142772
10145514
10148832
10150864
10151586
10153890
10160756
10162457
10164929
10166360
10166957
10169402
10172606
10176378
10176738
10176757
10179735
10180989
10181886
10186807
10186936
10187112
10190060
10190921
10192372
10192775
10194306
10201954
10206874
10210009
10211616
10211999
10213969
10215624
10219054
10221901
10225638
10226247
10229101
10229966
10231151
10233975
10235472
10239359
10242681
10247151
10248368
10249784
10252098
10260353
10262461
10264670
10265249
10267915
10269868
10274357
10275793
10276752
10277628
10278467
10278704
10279382
10280290
10282665
10286078
10290816
10295248
10296544
10303862
10305423
10305998
10309453
10310425
10320606
10321598
10322006
10323276
10323418
10326677
10329045
10331911
10331998
10332462
10335225
10336147
10336274
10336926
10348415
10348891
10352172
10352913
10353039
10354558
10357258
10357966
10358042
10367642
10369094
10369397
10377095
10380063
10380289
10382423
10388487
10389966
10394780
10395127
10402243
10409058
10409398
10415336
10415862
10416158
10417414
10417433
10418874
10423012
10424444
10424972
10426400
10430313
10430330
10431648
10433021
10436011
10437128
10439963
10443675
10443742
10450767
10452135
10452269
10459461
10460403
10466555
10467975
10470241
10474443
10479231
10483270
10486816
10489378
10491984
10493687
10497279
10497604
10498669
10498820
10502425
10502946
10504297
10505149
10510582
10521766
10523875
10523958
10528779
10534164
10534183
10535545
10539098
10542124
10549420
10551693
10556872
10561722
10562436
10571940
10577993
10578774
10578900
10579255
10580148
10582069
10584332
10584888
10585487
10591074
10592863
10594644
10595462
10596821
10596836
10602810
10604898
10606627
10611678
10611699
10616319
10621356
10622362
10624981
10625732
10627286
10628740
10628891
10629391
10640811
10641024
10645989
10646239
10648484
10649377
10650311
10653232
10654908
10658946
10663228
10664540
10669418
10669511
10669920
10675617
10675846
10681139
10691121
10693732
10697185
10698083
10702040
10704330
10705887
10708059
10708807
10708836
10714918
10715898
10719656
10720436
10723422
10724073
10724247
10725757
10726954
10727778
10727874
10733253
10736563
10740725
10742020
10743114
10743645
10746504
10753038
10753389
10755804
10756255
10759930
10760696
10773296
10778616
10780860
10781031
10782201
10782310
10782661
10787917
10788890
10791085
10792969
10795075
10795653
10799165
10801504
10805625
10806168
10811948
10812791
10812961
10813068
10815047
10816048
10816932
10817716
10817867
10818908
10821112
10822191
10824883
10834530
10835463
10850469
10850802
10854688
10856926
10857264
10858938
10862671
10867286
10870079
10870460
10872525
10872834
10878984
10887586
10889132
10894883
10898757
10899121
10899787
10900597
10906305
10907452
10913698
10915702
10916257
10916403
10917575
10917849
10918283
10919931
10921127
10922943
10930233
10931604
10941602
10941917
10942801
10943802
10944429
10945663
10957672
10957976
10958292
10964931
10969690
10971245
10971463
10973328
10974666
10976058
10977013
10977509
10981427
10982952
10983555
10988250
10991838
10992125
10996501
10998128
10998538
10998592
11000429
11012001
11014447
11015171
11016164
11016675
11017593
11022234
11022712
11023377
11025829
11027602
11029141
11029380
11030556
11030668
11031403
11036909
11039549
11040927
11047272
11051167
11051382
11052088
11055005
11060087
11061238
11062034
11069166
11074327
11074595
11078220
11078730
11078815
11080363
11081147
11083253
11086783
11086912
11092242
11100223
11100868
11103284
11103357
11106943
11114186
11115678
11116119
11117291
11120677
11122502
11126520
11128167
11134111
11134527
11136126
11137146
11137479
11144112
11151250
11152841
11154728
11159846
11164178
11164893
11166175
11173426
11176563
11185672
11188928
11194219
11195295
11195704
11196074
11204522
11208706
11211979
11214167
11219182
11221297
11222095
11227492
11228322
11228680
11229715
11231652
11232882
11233093
11234680
11240466
11243660
11245309
11246001
11246628
11251079
11253705
11260740
11264321
11265386
11266568
11267857
11274747
11285716
11289206
11299855
11304308
11304845
11306177
11308630
11309437
11310392
11311318
11313625
11317636
11329279
11335028
11340508
11344807
11346249
11352511
11357435
11358338
11359303
11360709
11361543
11363943
11369020
11371556
11373385
11374059
11378294
11380259
11381786
11382283
11383902
11384384
11386812
11387707
11387737
11390834
11391651
11393038
11396192
11399344
11399970
11402658
11405812
11405878
11411015
11412354
11413052
11417460
11420018
11423007
11424473
11424786
11425741
11428418
11430580
11437870
11440828
11453761
11458774
11462347
11464697
11467558
11474725
11476134
11476215
11476527
11477930
11478504
11478545
11487118
11488193
11489332
11495890
11496022
11496183
11497249
11499334
11501713
11507433
11508932
11521203
11522577
11524146
11528577
11529234
11529334
11530686
11530934
11533308
11541499
11541528
11542163
11543424
11544215
11546940
11547380
11553367
11553704
11553783
11554520
11554945
11563049
11567221
11567419
11571382
11573360
11580004
11583011
11583742
11587008
11591624
11593719
11600157
11610252
11619289
11620384
11621552
11621690
11621870
11623604
11624252
11625879
11627244
11627839
11629844
11638091
11638558
11640553
11640994
11641358
11642488
11643004
11646686
11650327
11650767
11653332
11654138
11656825
11657667
11657756
11663304
11664272
11666378
11668318
11669766
11670652
11672694
11673042
11676294
11676372
11676906
11682674
11683559
11683575
11688196
11691047
11692595
11693585
11693852
11694862
11695628
11700000
11700004
11703858
11704434
11711740
11715462
11716843
11718415
11719983
11723410
11724079
11725252
11727342
11727847
11732972
11733173
11734154
11735634
11735680
11736162
11738688
11740222
11740278
11741627
11746093
11747254
11747878
11749043
11750273
11751052
11751958
11757074
11762555
11763592
11766484
11768595
11775248
11776763
11778367
11783827
11790483
11792671
11794448
11796819
11798815
11798876
11802056
11803975
11805023
11805641
11806223
11807345
11807468
11809017
11811556
11811648
11811875
11813676
11816892
11818548
11827466
11830941
11838127
11846189
11846383
11854244
11857333
11857380
11859050
11859133
11865688
11867644
11872368
11876444
11887219
11888470
11893350
11894411
11907159
11915815
11920023
11928686
11933824
11938130
11940093
11942397
11947823
11948219
11948999
11954062
11954646
11956941
11958751
11960636
11962011
11963438
11963501
11969675
11971214
11972445
11975583
11979236
11981943
11985534
11986385
11987475
11987806
11988790
11989053
11990638
11993600
12001961
12013184
12016093
12021357
12022288
12030800
12031710
12031814
12033552
12033616
12035377
12035739
12038423
12041210
12043647
12049524
12051516
12052537
12052890
12060924
12060999
12063075
12065254
12065380
12067070
12068458
12076384
12082889
12083397
12085346
12091021
12091056
12092185
12092672
12095908
12097802
12104129
12104766
12109948
12114419
12115715
12117626
12119585
12128876
12142098
12143027
12143438
12144576
12144727
12145493
12146146
12149800
12150233
12157462
12162640
12162932
12163813
12167554
12170044
12171788
12171802
12173750
12173919
12176550
12177960
12178083
12178693
12185382
12189804
12190301
12190806
12192065
12194752
12195532
12200526
12200972
12200974
12203847
12204806
12207473
12209772
12210184
12210415
12212621
12216316
12216396
12218692
12221901
12224712
12229260
12229976
12230210
12233518
12235375
12235490
12236199
12244731
12252315
12253971
12255517
12255924
12262253
12266988
12267369
12267985
12269939
12270738
12271272
12273584
12273988
12274182
12274218
12275884
12276091
12287342
12292731
12298705
12299748
12300689
12302392
12307816
12315159
12316073
12316098
12318341
12322157
12323489
12328864
12331829
12335451
12336416
12336636
12336760
12337778
12339844
12345883
12348991
12350365
12353908
12357755
12358245
12363304
12367939
12372303
12375437
12376911
12379797
12384455
12387667
12393900
12402279
12403137
12405194
12405437
12406152
12406688
12407230
12407250
12414777
12416356
12420620
12421823
12424639
12431551
12431940
12438158
12438410
12438494
12441790
12442571
12451272
12452613
12453647
12454434
12455001
12458290
12458351
12459374
12461412
12465505
12469221
12469506
12471614
12474281
12477870
12477931
12478322
12482337
12482698
12485210
12485614
12485656
12490044
12490754
12491448
12492846
12494119
12495180
12495582
12503973
12507689
12509011
12515636
12519200
12523963
12525208
12525889
12527323
12537500
12538199
12541448
12542373
12546456
12553583
12554129
12557402
12558156
12559524
12561108
12565200
12569240
12571434
12572541
12581899
12582074
12588471
12589060
12589294
12590849
12591431
12591939
12592365
12600493
12601419
12601567
12604057
12606447
12610179
12613481
12614423
12614678
12619859
12620950
12622846
12623121
12623178
12625807
12627760
12628529
12633485
12639934
12642327
12645372
12646674
12651930
12652853
12653096
12653723
12662055
12664406
12665153
12665422
12665876
12671547
12674944
12679523
12692369
12692466
12695074
12696803
12697001
12697179
12698835
12700740
12700942
12703402
12705101
12705670
12706188
12706708
12709940
12715079
12719234
12720891
12722596
12725024
12726944
12729438
12733270
12736310
12738481
12739000
12742676
12742816
12747407
12749310
12752286
12752569
12755533
12757757
12758956
12760347
12761290
12764763
12766428
12771802
12772865
12776521
12781311
12791732
12797848
12800188
12800478
12801856
12803989
12805342
12806165
12806198
12810144
12811806
12812082
12812678
12812693
12813197
12815042
12815283
12817990
12818331
12818930
12821676
12822382
12827328
12829152
12831179
12836834
12841636
12841946
12843550
12845621
12847154
12853979
12855066
12855478
12857269
12858459
12861533
12864437
12865966
12868718
12869192
12872917
12873658
12875808
12876014
12877094
12879807
12880497
12882045
12882294
12885025
12886150
12886407
12886661
12889221
12892381
12898169
12900401
12900495
12906625
12913513
12913566
12914097
12914562
12922339
12925313
12927979
12929584
12929614
12940924
12941023
12941603
12942972
12943215
12948064
12950067
12950206
12952976
12953186
12962719
12964985
12971018
12973013
12974878
12977089
12977916
12982487
12984002
12984758
12985711
12985967
12987488
12988032
12990033
12990873
12991062
12993924
12994354
12997440
13002158
13004983
13006396
13006488
13007550
13008278
13015363
13019112
13020026
13020554
13021626
13021950
13022754
13023292
13025009
13025706
13027232
13037169
13038377
13038898
13040816
13043458
13045922
13046804
13048200
13050766
13055493
13058425
13059874
13061902
13062442
13068131
13075406
13076290
13083981
13086475
13088580
13091954
13095973
13096750
13096857
13098070
13100794
13102505
13106200
13108500
13109439
13123602
13124125
13124741
13124768
13125301
13125328
13126052
13128673
13130229
13132950
13133469
13133821
13135575
13140158
13140396
13140444
13146361
13149749
13158047
13158772
13160681
13164839
13166062
13168378
13169463
13174379
13175965
13175981
13179745
13180545
13181773
13182905
13190668
13197856
13198850
13198935
13210101
13210293
13210733
13213734
13214134
13214610
13215136
13215226
13215621
13221093
13221217
13223944
13225589
13229726
13232649
13233112
13233436
13237447
13243846
13245016
13245787
13246988
13253737
13253904
13256171
13256547
13259777
13260817
13262364
13262541
13264492
13268064
13272190
13276369
13276552
13277194
13283367
13286828
13288516
13289322
13293344
13294354
13294421
13294780
13302165
13303575
13306220
13306811
13306975
13307580
13307710
13308663
13313492
13314184
13322821
13323891
13325055
13332139
13332184
13335362
13336378
13337749
13342079
13346023
13351784
13355539
13356574
13358209
13358703
13360550
13363772
13368960
13369810
13372320
13375310
13375907
13376569
13378443
13381260
13389911
13393673
13395626
13396148
13396980
13397023
13397673
13401611
13403165
13404481
13406446
13406722
13408258
13409385
13411570
13412788
13414355
13422736
13425051
13425140
13426028
13431873
13433809
13434369
13437022
13438054
13439038
13439245
13441365
13442007
13447855
13456732
13457575
13463131
13465051
13465457
13472337
13474313
13475783
13476843
13483575
13484725
13485577
13489788
13490225
13490612
13490976
13491636
13493663
13497469
13497562
13506368
13507390
13509272
13515396
13518476
13522659
13522670
13522999
13527589
13529814
13532486
13533510
13537193
13539255
13542977
13548852
13550370
13551448
13560761
13561659
13561984
13565541
13567611
13568016
13569168
13570959
13571220
13572034
13572210
13576958
13577262
13579417
13582771
13583613
13584657
13585198
13588899
13588930
13589482
13590861
13594970
13595579
13597115
13597711
13599605
13599991
13601067
13601186
13601295
13603848
13604377
13606067
13606928
13609848
13612095
13612736
13616432
13620115
13623695
13625066
13626866
13629006
13629123
13629508
13630716
13630995
13633665
13634176
13634691
13639135
13644772
13644808
13645307
13648673
13649115
13652078
13652455
13657625
13657922
13658373
13661591
13662228
13665520
13668074
13670852
13675504
13675836
13676764
13677094
13681850
13682344
13682560
13682956
13684188
13691090
13691793
13692009
13694415
13697810
13700185
13703059
13714932
13717765
13718356
13720955
13725583
13725979
13728171
13731968
13733273
13738544
13739460
13744141
13753177
13755574
13756343
13756360
13757092
13758944
13761119
13765450
13771072
13771818
13772579
13775754
13776105
13779685
13780028
13781143
13783196
13784156
13788762
13791289
13791991
13797137
13797304
13800602
13806115
13810962
13814440
13815102
13815891
13817016
13817761
13820041
13821232
13826545
13833290
13833306
13836863
13844163
13844850
13847077
13851683
13858471
13858773
13861497
13863642
13873407
13874763
13879025
13879388
13880744
13882205
13882973
13883730
13890254
13891124
13894039
13894686
13897213
13898203
13903560
13903937
13906443
13912828
13913677
13916591
13918899
13920774
13920881
13920993
13921135
13924358
13924649
13928749
13929325
13930996
13933105
13935404
13938882
13942699
13944442
13945321
13947213
13949627
13953357
13954048
13958261
13960611
13961526
13963797
13964061
13964415
13964457
13974959
13977860
13978327
13979904
13981168
13982873
13987711
13994819
13997361
13998588
14000772
14004482
14008385
14015774
14016264
14017399
14018134
14022724
14024047
14024293
14025711
14026834
14027317
14029025
14030942
14034350
14035023
14035028
14036927
14038053
14041175
14044085
14050032
14052113
14055988
14057313
14059451
14059764
14061027
14061466
14061507
14064116
14064768
14069572
14071286
14078841
14080358
14080543
14083980
14087317
14087605
14091665
14092824
14096366
14097235
14100871
14105813
14114389
14114711
14123036
14123252
14125937
14127168
14130697
14133128
14134448
14135427
14136089
14136327
14136693
14148433
14159770
14161313
14161514
14175066
14177654
14177841
14185601
14186980
14193935
14198470
14199933
14203162
14206089
14207913
14207930
14208712
14219516
14222987
14226480
14230033
14233046
14242375
14245823
14247696
14248329
14250110
14251033
14252602
14257099
14259339
14259368
14264165
14266961
14268770
14273372
14275251
14275555
14276426
14278502
14282711
14285000
14285055
14287245
14289557
14300304
14301833
14302494
14302661
14304114
14304180
14310191
14311287
14311409
14313622
14314824
14315502
14316768
14316778
14316788
14317850
14321017
14322741
14324019
14333150
14334122
14337426
14338313
14342025
14347389
14348039
14351723
14352457
14356005
14359200
14360132
14363370
14364398
14366380
14368975
14369789
14372807
14378087
14384580
14385024
14386398
14389281
14389618
14390211
14391070
14391112
14395602
14397088
14398053
14398600
14400574
14402572
14410494
14413435
14414629
14415356
14418170
14419486
14426856
14427078
14430764
14433923
14434930
14435095
14437242
14438375
14440064
14442310
14442672
14444864
14446504
14448864
14449703
14451593
14451883
14454662
14458146
14464728
14466867
14467781
14470751
14471221
14474251
14475191
14476061
14476242
14476357
14478329
14478955
14479878
14480530
14488163
14489681
14490003
14493215
14494584
14495422
14497040
14497832
14503121
14508821
14512668
14517191
14519174
14520414
14528896
14529315
14531223
14534110
14544256
14555009
14555325
14559308
14559621
14564713
14565541
14568005
14569232
14570766
14571003
14572903
14574425
14578076
14580795
14581925
14582723
14583707
14588019
14590929
14592930
14593186
14599488
14607195
14610100
14613972
14615736
14616546
14618298
14619941
14622455
14623867
14625593
14627582
14629468
14630327
14631190
14632389
14634438
14636509
14637305
14638906
14640245
14642308
14644343
14648203
14659300
14662578
14664714
14665484
14665620
14667316
14668882
14669052
14669430
14676201
14676798
14677201
14677761
14677818
14678700
14678825
14681350
14683383
14683479
14683486
14684006
14684959
14690102
14690117
14690627
14690862
14697595
14701892
14708065
14708200
14708520
14710329
14711415
14716037
14719748
14720589
14722438
14727329
14730678
14737568
14737635
14739975
14744083
14744686
14747434
14752053
14753957
14757729
14759716
14760125
14763843
14764791
14777823
14779989
14781492
14782722
14784695
14789273
14789810
14791004
14792776
14796434
14796442
14796738
14798331
14809358
14809584
14810343
14816857
14819941
14823347
14824334
14828692
14835199
14836065
14838536
14844758
14845596
14845796
14846466
14848309
14851555
14855218
14864994
14865404
14870142
14870893
14871110
14875592
14875749
14879290
14879663
14882253
14884314
14897670
14897838
14903700
14908087
14908733
14919214
14923517
14926808
14927549
14927791
14936727
14938440
14940693
14942878
14944751
14945272
14946161
14946586
14954942
14956365
14959239
14966242
14972361
14975054
14975187
14978068
14980510
14985048
14988151
14993420
14993976
14998134
15001082
15003126
15007307
15010106
15010729
15011256
15013169
15013173
15017751
15017870
15018578
15019700
15033359
15034752
15043165
15043842
15048016
15048971
15051810
15052027
15052356
15057380
15057480
15060490
15060543
15060634
15064743
15069938
15073990
15075761
15076140
15078039
15079847
15080696
15081318
15082363
15083155
15098295
15098396
15105288
15105577
15106489
15108122
15109723
15110226
15111560
15114711
15116452
15119107
15122873
15132653
15133625
15139233
15140552
15140780
15146118
15146606
15148042
15149837
15151395
15151510
15151583
15158577
15164954
15167076
15172002
15178834
15179843
15181820
15185988
15203452
15204727
15210220
15210352
15210658
15215261
15219447
15220625
15220628
15221509
15226399
15230878
15231801
15232079
15233028
15234958
15246248
15249342
15250201
15250906
15253711
15257193
15258453
15260936
15261461
15261538
15261796
15262387
15263551
15265963
15267128
15267606
15267614
15267620
15274124
15274152
15274472
15277614
15279041
15279848
15282735
15282852
15283332
15284862
15286055
15290329
15302413
15302814
15302825
15306311
15307488
15308201
15311225
15311584
15313100
15321121
15327051
15329458
15330033
15331656
15339016
15339852
15341420
15344088
15350100
15354795
15356306
15361125
15361625
15365747
15365858
15366671
15370127
15372482
15376250
15377568
15378074
15378180
15379119
15388537
15394899
15396121
15397119
15402384
15410795
15414086
15414531
15415144
15419611
15422995
15424588
15425159
15431574
15440167
15443431
15450437
15451462
15453570
15455279
15455740
15456108
15457019
15465138
15466119
15467624
15468246
15472424
15476960
15478051
15479720
15479942
15482264
15484335
15485819
15486305
15491617
15492244
15492351
15496917
15497409
15498752
15499394
15506350
15510957
15512567
15512622
15513977
15515636
15519082
15519480
15520570
15521287
15530806
15532311
15537642
15545372
15548279
15551099
15551220
15551231
15556043
15557569
15562161
15567646
15572279
15572453
15577684
15579074
15582966
15586795
15588570
15590540
15598998
15601111
15601201
15602709
15606236
15607911
15610599
15614369
15614466
15618420
15618782
15619760
15619882
15623254
15623286
15623632
15628327
15635661
15640364
15646182
15648671
15652824
15652840
15655777
15656950
15660597
15661477
15661642
15661967
15669185
15677260
15684137
15684709
15684895
15685869
15692978
15693501
15699103
15699801
15702604
15703491
15707160
15707359
15709559
15715482
15715979
15718885
15721454
15723583
15725948
15727360
15728941
15729570
15731993
15733195
15733713
15733841
15741053
15751700
15751942
15753998
15755620
15756913
15757171
15770349
15770781
15774225
15778999
15780388
15781622
15784189
15786358
15788053
15792477
15794344
15794695
15799224
15801749
15802144
15804419
15813289
15814799
15815283
15815391
15816680
15817608
15825778
15826582
15827351
15833841
15837434
15837522
15839865
15842851
15842980
15845894
15847859
15849311
15849609
15850507
15851891
15856033
15856063
15860294
15863744
15865932
15867225
15868909
15870147
15871462
15872293
15872943
15873787
15875416
15880584
15882298
15883025
15883710
15884542
15887999
15888344
15889746
15895059
15896450
15897107
15898768
15899494
15900590
15902242
15904949
15905560
15905990
15907066
15912063
15913260
15917707
15918526
15921139
15921299
15921883
15922841
15923712
15924481
15930684
15933166
15936209
15939639
15941055
15941391
15942969
15943947
15945559
15946405
15952079
15954855
15956666
15968846
15973561
15974874
15983881
15985440
15991160
15992083
15993132
15994663
15995712
15995851
16000049
16003424
16006756
16007950
16009043
16009364
16012332
16015675
16016887
16018873
16019608
16024544
16025637
16026589
16028464
16028700
16030638
16031015
16031384
16037617
16039690
16042399
16045063
16045549
16046077
16047288
16049581
16052720
16053929
16057417
16060353
16060714
16061291
16063131
16066471
16071032
16071282
16077184
16087102
16087440
16088830
16090407
16090523
16101856
16109398
16115842
16116309
16116375
16119074
16123514
16123590
16123973
16125775
16135197
16139906
16141153
16144054
16144861
16144931
16147555
16151299
16152344
16152648
16156109
16158659
16161201
16162504
16168120
16179877
16180308
16181583
16184058
16187151
16188956
16196914
16198177
16203837
16205069
16207144
16207897
16210218
16214310
16215290
16215344
16224263
16232255
16232561
16233476
16240727
16244780
16251566
16256505
16257914
16258358
16263064
16271522
16273195
16281762
16282441
16283219
16285485
16297174
16297472
16297990
16298335
16298692
16300305
16302496
16303215
16315825
16316428
16320343
16320588
16325456
16325925
16328674
16331907
16334516
16335571
16339238
16339799
16340631
16350080
16350141
16350793
16352190
16352956
16354180
16356192
16356539
16356689
16356871
16362352
16362587
16367411
16367987
16370420
16380959
16383123
16384665
16386468
16389527
16390420
16395776
16395985
16402458
16402624
16404176
16404738
16408242
16412542
16413131
16413921
16414444
16417808
16420727
16423287
16424523
16424629
16428609
16429227
16434997
16441759
16447842
16453338
16459585
16460765
16464719
16465682
16473373
16479095
16480365
16481591
16485358
16486646
16486913
16486919
16487482
16489289
16489513
16490763
16499646
16500136
16503017
16504168
16507599
16508643
16511330
16513452
16515787
16518625
16521683
16522310
16522435
16524805
16526185
16535788
16543920
16549600
16551061
16553362
16554415
16556184
16557814
16558844
16558912
16560814
16562094
16564445
16564953
16566379
16568019
16569124
16569411
16569941
16573654
16573846
16576375
16576745
16583025
16585116
16585730
16587248
16587313
16597980
16598336
16599085
16602849
16603542
16605400
16610435
16614318
16615004
16625718
16630831
16635646
16635699
16637100
16639067
16642743
16644314
16644788
16646545
16650860
16651092
16652915
16654923
16655344
16656953
16658259
16662620
16663218
16663247
16663966
16664006
16676312
16680679
16682163
16683519
16685985
16690565
16695177
16704263
16712992
16713882
16716578
16721227
16726492
16738207
16739117
16740846
16742290
16742622
16755304
16757792
16762647
16764254
16764639
16764849
16766462
16770181
16774921
16777486
16777490
16777629
16778781
16778917
16786736
16788532
16792155
16798649
16799217
16799847
16802796
16811450
16813404
16814615
16816006
16816669
16817592
16820193
16820330
16820573
16822305
16827775
16828628
16832696
16837358
16841055
16841443
16844361
16849721
16851234
16852312
16855919
16857949
16867427
16869281
16869427
16870740
16871494
16876018
16879163
16880423
16881309
16882696
16883013
16883116
16887948
16898814
16900266
16902319
16906248
16907355
16907920
16908769
16912953
16917974
16919324
16920562
16921029
16921440
16925863
16926343
16927792
16929243
16932537
16932635
16934755
16935294
16936655
16940371
16941734
16942016
16944693
16945604
16946986
16949564
16951662
16952588
16953779
16955436
16957584
16960838
16963270
16963918
16970237
16972591
16973675
16974029
16977527
16978030
16978852
16987330
16989305
16992046
16994397
16995628
16997633
16998547
17006080
17007415
17007446
17009074
17011041
17015513
17019353
17020675
17023185
17027562
17031255
17032172
17036816
17041426
17042601
17046850
17048535
17049567
17049878
17052253
17053325
17053738
17054325
17058978
17059298
17059738
17065274
17065933
17066671
17068384
17076134
17081057
17081849
17081983
17091070
17093196
17093309
17097203
17100111
17106958
17110342
17112379
17121937
17122988
17123815
17123874
17127482
17136925
17141147
17141818
17142059
17144623
17146657
17150105
17152658
17152953
17153818
17156533
17159669
17166090
17166305
17167559
17167810
17176495
17176631
17178645
17186757
17188952
17191758
17191939
17195860
17197553
17198190
17199018
17201466
17203742
17208148
17208383
17209998
17211425
17211592
17213604
17215135
17216160
17216373
17218996
17220199
17220732
17224205
17224393
17228808
17230366
17235110
17236749
17239027
17248772
17254463
17256525
17257279
17258892
17260884
17261072
17262447
17262449
17263505
17273587
17273715
17274583
17276758
17276847
17277330
17278886
17280845
17287014
17287943
17288108
17289569
17292563
17297493
17298713
17299998
17300119
17305388
17305793
17306566
17310275
17310702
17311778
17313681
17315619
17315899
17320928
17321985
17322763
17324074
17324313
17326005
17330642
17332133
17335161
17335693
17339346
17348555
17349388
17352404
17353911
17354529
17354758
17359890
17360346
17361015
17361873
17363855
17366694
17368632
17368855
17371715
17371990
17372216
17375658
17376007
17380235
17380292
17384282
17384875
17385486
17389554
17389608
17390739
17395707
17395954
17403029
17407893
17411069
17412250
17419044
17420633
17423672
17426884
17430539
17431565
17444401
17445284
17446939
17448003
17449306
17453980
17456261
17458636
17465915
17466382
17466619
17470087
17470524
17476510
17477145
17478584
17479276
17480136
17481559
17484155
17491535
17492125
17495460
17499546
17501949
17502202
17505515
17518912
17520499
17520956
17522779
17523366
17524283
17528379
17532893
17539496
17541054
17545333
17546231
17546560
17548214
17552719
17554480
17559150
17559508
17561235
17570860
17571149
17574390
17577440
17579474
17580226
17581373
17582215
17583447
17590215
17597247
17597495
17599809
17603517
17607140
17612930
17616572
17623814
17629913
17631975
17652558
17655689
17658404
17658681
17661195
17662080
17662257
17663038
17664527
17668613
17674120
17675262
17675557
17676492
17676959
17678847
17679064
17681750
17683742
17689735
17689905
17691538
17693242
17697469
17701473
17703869
17706314
17707173
17708842
17711413
17712661
17712772
17714692
17715384
17717051
17720067
17725542
17727879
17728072
17732069
17732704
17734112
17741560
17742138
17742928
17746368
17750789
17759286
17761588
17762677
17766867
17768734
17769364
17770656
17777148
17777318
17777754
17778106
17783601
17783819
17785548
17785811
17788573
17791405
17791886
17794951
17799428
17799539
17800816
17802028
17802544
17802889
17806705
17809554
17810049
17811407
17812056
17813903
17819299
17821750
17822186
17825838
17831658
17836341
17838584
17838911
17840191
17844059
17847363
17849732
17849735
17850611
17851073
17852239
17853287
17853845
17854591
17859505
17859585
17860943
17865402
17865757
17867121
17867508
17874183
17880747
17881097
17882212
17882518
17883006
17883804
17885031
17886439
17888150
17893028
17893744
17899154
17904753
17907364
17907449
17907572
17907700
17909951
17910240
17911380
17912043
17916484
17916565
17920187
17920841
17921927
17922356
17924620
17929860
17930991
17932044
17935370
17936442
17937441
17938533
17940965
17942100
17946777
17947054
17947395
17949114
17950945
17952804
17953060
17953712
17954647
17954949
17955504
17960827
17961326
17967397
17969678
17971459
17971508
17974393
17974855
17975456
17978445
17982438
17989515
17991780
17994349
17995698
17995796
17996366
17998047
18000434
18001180
18002343
18004721
18005947
18006251
18006852
18007318
18010122
18010273
18013869
18013931
18016564
18019517
18021833
18025130
18025930
18028075
18032604
18032617
18035374
18035845
18037495
18041120
18042799
18045131
18046031
18048732
18049015
18050708
18051289
18054880
18055044
18056561
18061899
18065636
18073758
18081226
18089592
18090669
18091073
18092092
18094056
18094504
18094534
18099392
18103056
18109314
18110862
18111773
18114590
18116680
18123702
18124408
18124418
18129064
18130520
18131595
18131941
18139953
18141364
18141475
18142683
18144211
18144434
18144486
18148016
18150508
18151240
18153537
18154619
18160382
18162031
18164250
18166477
18167179
18171447
18173233
18177677
18183468
18184221
18186045
18188299
18189081
18190103
18191577
18196727
18197505
18198242
18201249
18202694
18206122
18212273
18219297
18219612
18220189
18220480
18220981
18223392
18225175
18226227
18226316
18227368
18227411
18229104
18229466
18229524
18229791
18245241
18251857
18254382
18254429
18254573
18256324
18257581
18259236
18261097
18263613
18267292
18268336
18274221
18274701
18277962
18278685
18278938
18287068
18288042
18288146
18289724
18297389
18302954
18303451
18304719
18304869
18304911
18306890
18307060
18309562
18309961
18311562
18313129
18313280
18317138
18319918
18322071
18322631
18325836
18331218
18331391
18331445
18332315
18335089
18336197
18339691
18343088
18346293
18350648
18350840
18351678
18355007
18356214
18362432
18369311
18373030
18374596
18377092
18384927
18385263
18385597
18386740
18387394
18388583
18389539
18390643
18393956
18395988
18397554
18400199
18401163
18402941
18403033
18408932
18410405
18412802
18418679
18425919
18430970
18436574
18440368
18443176
18448062
18449182
18456041
18456328
18459597
18460815
18462003
18462980
18463368
18467060
18473358
18479451
18483104
18485340
18486262
18493328
18500810
18501176
18505515
18507485
18514151
18514841
18516462
18516731
18519315
18520199
18521039
18526287
18529437
18529774
18536580
18536866
18537850
18538362
18538929
18539801
18540060
18543405
18546621
18548008
18548723
18551315
18555525
18557541
18559287
18560752
18564495
18564688
18566559
18566573
18569524
18573106
18573585
18575178
18577424
18580595
18580901
18583930
18584959
18585876
18589085
18589521
18590384
18590415
18595278
18595344
18601783
18608701
18609965
18611598
18612348
18615572
18618548
18618742
18619559
18621125
18624218
18635039
18638679
18638709
18639907
18640401
18640724
18642057
18643290
18647751
18651027
18652536
18653207
18653296
18655641
18655675
18656219
18657680
18660448
18661681
18663341
18665056
18666124
18667346
18671249
18671346
18679559
18680522
18688594
18692272
18692735
18695878
18696388
18698020
18699938
18702533
18704380
18713397
18713439
18717842
18720125
18723063
18726301
18727588
18727599
18732535
18732678
18733753
18735721
18736922
18738330
18739278
18740111
18744127
18744728
18745912
18746956
18753698
18756283
18758627
18758687
18760936
18768564
18770210
18771993
18773573
18773863
18777417
18777593
18784971
18790771
18792074
18792156
18793216
18794752
18794755
18796006
18796130
18796170
18797596
18799589
18799887
18800556
18802740
18806398
18809172
18812330
18812456
18813351
18814679
18821647
18821761
18822587
18822877
18824376
18826172
18828670
18829397
18830230
18830393
18830934
18832168
18832427
18834364
18840732
18844745
18847852
18850295
18858297
18858441
18861877
18863797
18869200
18869633
18877452
18877454
18879403
18879831
18881986
18882852
18891419
18896671
18898225
18899212
18899561
18901122
18901249
18901911
18910101
18910769
18911740
18915088
18915198
18915531
18915848
18920392
18920950
18924206
18925270
18925381
18925785
18932598
18932989
18934003
18937499
18940982
18942699
18945212
18945213
18946457
18948389
18949386
18950207
18950478
18958381
18966103
18966859
18967756
18968887
18970427
18970871
18971467
18973600
18974367
18981497
18981653
18991554
18996377
18998418
18998547
19001110
19001194
19002116
19006943
19009822
19010330
19011241
19012109
19015026
19015056
19017002
19019350
19021810
19024818
19025809
19026811
19027088
19028018
19030040
19030538
19031205
19035101
19045159
19047320
19047392
19052368
19054878
19055481
19056667
19062230
19063400
19064402
19066862
19072327
19074816
19074916
19082165
19082171
19083406
19083943
19086810
19087019
19092717
19095759
19095768
19096594
19108262
19109574
19110485
19110539
19115433
19124239
19127042
19133142
19133349
19142741
19147587
19149059
19149988
19153209
19161864
19162369
19167671
19173982
19175393
19177643
19181134
19181378
19183143
19183177
19184402
19186032
19191158
19193646
19196013
19199246
19200937
19202059
19204586
19204590
19206784
19208301
19210226
19210717
19213286
19214180
19218519
19222068
19227915
19230108
19230916
19231571
19233129
19235180
19238609
19239039
19240264
19243996
19247616
19255279
19257649
19258797
19259335
19262329
19262785
19269982
19271433
19273404
19274429
19281263
19285224
19287068
19293136
19293854
19295228
19297437
19297736
19303268
19304420
19308208
19310003
19310810
19312612
19312736
19315261
19315528
19316337
19319485
19322683
19322851
19326448
19331656
19334273
19335540
19340323
19346551
19347238
19347264
19352478
19355712
19356102
19358430
19360623
19361244
19365735
19366954
19369478
19373427
19380741
19380749
19381338
19383172
19386642
19390324
19403537
19408507
19410801
19411664
19412706
19415140
19418408
19418737
19420437
19421918
19423622
19424319
19430577
19432685
19434989
19436536
19437801
19441603
19443492
19446384
19447177
19448073
19452530
19454940
19455125
19462492
19466802
19467981
19470371
19470457
19481331
19484641
19489176
19494295
19495016
19498465
19499320
19499565
19503294
19507934
19507974
19508697
19509875
19511682
19512597
19515548
19519697
19523941
19527007
19527803
19531485
19532047
19532410
19533076
19534738
19537603
19546139
19546757
19547682
19549666
19552466
19553974
19554955
19558025
19560716
19563405
19566312
19570208
19575861
19576300
19580653
19582379
19584296
19588302
19589404
19590473
19591035
19594590
19598674
19612732
19612775
19614260
19617674
19621900
19623396
19627538
19628195
19631242
19650897
19658457
19663503
19666257
19667778
19668846
19671091
19673442
19673959
19676571
19677118
19678912
19680675
19681616
19685419
19688304
19688891
19690311
19691538
19694819
19694869
19697096
19701683
19709601
19711312
19716547
19716640
19721240
19721391
19722425
19723649
19724543
19725093
19725540
19726644
19728971
19734385
19734858
19736220
19737497
19738142
19741134
19748180
19752546
19753067
19753354
19758102
19761554
19764873
19765874
19771507
19778046
19779457
19780607
19781779
19783525
19787045
19787142
19787768
19792291
19794429
19809740
19810851
19812066
19813562
19816048
19817071
19819768
19821140
19822990
19825451
19827073
19827336
19827830
19832630
19836202
19836338
19840153
19845959
19850297
19851957
19853316
19856621
19858558
19859432
19861060
19866248
19866924
19867301
19868277
19868791
19870990
19871422
19871669
19873556
19875226
19875303
19876226
19883200
19883586
19884340
19887857
19888271
19889022
19890704
19895015
19896405
19898993
19902081
19902196
19903121
19904211
19905282
19907806
19913173
19914402
19920617
19923677
19925351
19930172
19930531
19935812
19938409
19941444
19942176
19945851
19955321
19956113
19958223
19966245
19969436
19969437
19971147
19980154
19981339
19987452
19990355
19992412
19997144
19998141
19998300
20003830
20004439
20004883
20007167
20008013
20016961
20019475
20021335
20021609
20022270
20023575
20023717
20028357
20028470
20029608
20030434
20038068
20039591
20044334
20044544
20050339
20051727
20056476
20057409
20057762
20057793
20061709
20066949
20072061
20076449
20076893
20077150
20083436
20084534
20086136
20087115
20094158
20100456
20101024
20101685
20101817
20109816
20109840
20111648
20113740
20114533
20115405
20117928
20119595
20123473
20123964
20124047
20124992
20128996
20130372
20141696
20156794
20160631
20166079
20167140
20170023
20172397
20174582
20174716
20175453
20175742
20183951
20190697
20193201
20193902
20203170
20205378
20207652
20207934
20207994
20208316
20209321
20214060
20214623
20217274
20223601
20225778
20232296
20234207
20235823
20238513
20240170
20240719
20240894
20241462
20242222
20248154
20249436
20255681
20256665
20259913
20265646
20270734
20274736
20274738
20275941
20277257
20277444
20283596
20285646
20288456
20288801
20289997
20290474
20292936
20294615
20294686
20300685
20304800
20306205
20309046
20309650
20312042
20312549
20313459
20313884
20313889
20319699
20320302
20324088
20325427
20331733
20335029
20335755
20335995
20340719
20341004
20341902
20342904
20343185
20343450
20349434
20352807
20353944
20354011
20354393
20360094
20361347
20362364
20362825
20363313
20364153
20365770
20365805
20366248
20367931
20369005
20369506
20370567
20371473
20371887
20374487
20374664
20375239
20379171
20379504
20382210
20383205
20393565
20395562
20400275
20408892
20413479
20414409
20415395
20417737
20420752
20420853
20422627
20425700
20426639
20429201
20429995
20433254
20441853
20442108
20443986
20445175
20448452
20448917
20451021
20453052
20457990
20460094
20460723
20465450
20465451
20467217
20467333
20469489
20470285
20471668
20473691
20474421
20474724
20476698
20480165
20481702
20481997
20486495
20487434
20490057
20491744
20496071
20504448
20505541
20505964
20507479
20511946
20512361
20519611
20522158
20524756
20532313
20535501
20536727
20538368
20539528
20540937
20542753
20547693
20555494
20561219
20562207
20564764
20579559
20584810
20593408
20595006
20606834
20611226
20620256
20620286
20625231
20625492
20626761
20628899
20631139
20632291
20633886
20637081
20637273
20640178
20647002
20650797
20650940
20652898
20654721
20658056
20659136
20659374
20666344
20666595
20671306
20671826
20671930
20679519
20680187
20684004
20685270
20690809
20691504
20691837
20698575
20699298
20699405
20703111
20703239
20708297
20711014
20712057
20712712
20713388
20722784
20728586
20729678
20730817
20734906
20736772
20737105
20742969
20748914
20749463
20750945
20753952
20755726
20756061
20756738
20757726
20758179
20764278
20766284
20766327
20767703
20767712
20771760
20773588
20774902
20776608
20778647
20783749
20784725
20785750
20787963
20790375
20791271
20793709
20801044
20803027
20804169
20812360
20817569
20822106
20822381
20828060
20833282
20834114
20835368
20837089
20844912
20853742
20853749
20853840
20855695
20856401
20856782
20862044
20862406
20866452
20870444
20871230
20878303
20879774
20883019
20891229
20892506
20899472
20907056
20907200
20908677
20910354
20914250
20917217
20920845
20924195
20926752
20927151
20927358
20932101
20932194
20933202
20948044
20949198
20953581
20954928
20960021
20963378
20966901
20970054
20971575
20972003
20972167
20973478
20977203
20982779
20989262
20989464
20991746
20992168
20992842
21000057
21000905
21003687
21007754
21009360
21012925
21016307
21021167
21025941
21032324
21034660
21034848
21036547
21039957
21041594
21042877
21044163
21049307
21054421
21055907
21056304
21058414
21058792
21059998
21064674
21070893
21072394
21073497
21074087
21077821
21081899
21087080
21088390
21093050
21094382
21095499
21095606
21097714
21098971
21101616
21103333
21103520
21104841
21106250
21111443
21118204
21121138
21128255
21130621
21139093
21141920
21143226
21143577
21145153
21147108
21150107
21151945
21155137
21156098
21158918
21166979
21168856
21172648
21173579
21189895
21190828
21194843
21199227
21199503
21201181
21201950
21202016
21206150
21209776
21211308
21212251
21214358
21220087
21221090
21224522
21225489
21228925
21230837
21232697
21235285
21237736
21243516
21244059
21244489
21244765
21245019
21245076
21245808
21250507
21253033
21263201
21265585
21265777
21275142
21277966
21278686
21278771
21279422
21284918
21285995
21287774
21290217
21296525
21300930
21300951
21301018
21302115
21305720
21310606
21311096
21311294
21312056
21312937
21313444
21315221
21317226
21321639
21323055
21326700
21328816
21329400
21329546
21334538
21336936
21339998
21346142
21346524
21349062
21352212
21352361
21354426
21356083
21363388
21366369
21369525
21370987
21371469
21372373
21374172
21374673
21377110
21378127
21378356
21386380
21394326
21397661
21398489
21400311
21400685
21407013
21408037
21408346
21409272
21410725
21414157
21417747
21420322
21420560
21422399
21424480
21429664
21432574
21438583
21439453
21439754
21440594
21446396
21447029
21451000
21457921
21459155
21462896
21463924
21466420
21466912
21466938
21468044
21470337
21470688
21474730
21475317
21477576
21479551
21480649
21483425
21484539
21486708
21487029
21487971
21488343
21488959
21489264
21490414
21493035
21494254
21503353
21503987
21512589
21514521
21516824
21518789
21519502
21521627
21527090
21529129
21530390
21531484
21532548
21533487
21533940
21534558
21537369
21539120
21539162
21541470
21541683
21543539
21545565
21547441
21550113
21554158
21555381
21556089
21557950
21561557
21561898
21561956
21563808
21568015
21574213
21574319
21577419
21583994
21584301
21585337
21586632
21591715
21591783
21593658
21597150
21599267
21601074
21603472
21604039
21605267
21606366
21607230
21609693
21611658
21613475
21617609
21621625
21624904
21624968
21628003
21632353
21636846
21637914
21640034
21641827
21647965
21649651
21652225
21657113
21658452
21660522
21661064
21662893
21664541
21666090
21673867
21678633
21679826
21681715
21683413
21685617
21686083
21686544
21687338
21688132
21693270
21694357
21695150
21698654
21699297
21706080
21706871
21707394
21710791
21711110
21713589
21716906
21721020
21722629
21724161
21726850
21727586
21728512
21728923
21730134
21731249
21737035
21740602
21740834
21741147
21743731
21746634
21758585
21760531
21760850
21761381
21764342
21764473
21772067
21772475
21772494
21775500
21784516
21784570
21788354
21791856
21792857
21792863
21796182
21796322
21797543
21797858
21801839
21803522
21806841
21819226
21819492
21821458
21822033
21826563
21827007
21828059
21832939
21832973
21833128
21838116
21844103
21845671
21848458
21853882
21858982
21859150
21861171
21864974
21867455
21874119
21875584
21875716
21881673
21885484
21888977
21891488
21895096
21900951
21901482
21906471
21909153
21910935
21911265
21916441
21916708
21918476
21920253
21922073
21924045
21924560
21924562
21935032
21935170
21941885
21943274
21944387
21949817
21950824
21953028
21954780
21957282
21961492
21970039
21974388
21980798
21981015
21981130
21982865
21982984
21983673
21989086
21990136
21995041
21995473
21999006
22002481
22003610
22005116
22006530
22012884
22015354
22020884
22021454
22022603
22023709
22025194
22025855
22029140
22030459
22031861
22032079
22033064
22045128
22049799
22053963
22054574
22055994
22058054
22058762
22058920
22060651
22061187
22063368
22066397
22071526
22071828
22072250
22076175
22076970
22077929
22079093
22082315
22087847
22089706
22092928
22093099
22093656
22094071
22094978
22096087
22099274
22099697
22103132
22108903
22109220
22109354
22109921
22113960
22116393
22119479
22120981
22122216
22124607
22126187
22128602
22130093
22131764
22137313
22137781
22139508
22140471
22141535
22142233
22145510
22145934
22146583
22149735
22154195
22160498
22162348
22163533
22163818
22163947
22164893
22165581
22166458
22167956
22168410
22171491
22182260
22186180
22189969
22191859
22197657
22198243
22198856
22199911
22200942
22202675
22202855
22204952
22206798
22209353
22210329
22210649
22211919
22216174
22216794
22220634
22221488
22225209
22226779
22231186
22231321
22231599
22236560
22237223
22237622
22244687
22249259
22250536
22255289
22258902
22264763
22265027
22266956
22267490
22271210
22271368
22272689
22274965
22280294
22282110
22282642
22282729
22285356
22286332
22287501
22290357
22290986
22291393
22292247
22293593
22297889
22297976
22299077
22301736
22302436
22310045
22313023
22313135
22318242
22322791
22323190
22324818
22326209
22333441
22337312
22338589
22338776
22343207
22344850
22350962
22351163
22352244
22352360
22353469
22357779
22359242
22362770
22362950
22367193
22367353
22367902
22368995
22370701
22375583
22376930
22377612
22377668
22379278
22383295
22385643
22389101
22396638
22397557
22399510
22400010
22400429
22402373
22406789
22409114
22410875
22411927
22413193
22416675
22417148
22419276
22420528
22421800
22426689
22426838
22431110
22435561
22436098
22441972
22442494
22445653
22449979
22453534
22453947
22454076
22454189
22461666
22462159
22464620
22465260
22478883
22484369
22484587
22487568
22489169
22489631
22490298
22492161
22492563
22494076
22497503
22503879
22507299
22507953
22508271
22509684
22510480
22517415
22519194
22519229
22527604
22537605
22538939
22539689
22540245
22540975
22550051
22551398
22552203
22554457
22556410
22557138
22562335
22564395
22564432
22568840
22571245
22574476
22575566
22576521
22577427
22583007
22584063
22585331
22591158
22600303
22601535
22603728
22604657
22608819
22609296
22617265
22621985
22625205
22627190
22630259
22631713
22632731
22633196
22640289
22640568
22648808
22649781
22654698
22657416
22658010
22660717
22664656
22665144
22665491
22665655
22667319
22670188
22671577
22671912
22673071
22674349
22675277
22676583
22677341
22678631
22680298
22681009
22683994
22684996
22687458
22693190
22694812
22695247
22695427
22701708
22702203
22703997
22704648
22706787
22710550
22713621
22720750
22722353
22722882
22724688
22724737
22726910
22737664
22739355
22739413
22745387
22746804
22746832
22747628
22749124
22754481
22755724
22758789
22761507
22763235
22768180
22770197
22771328
22780263
22781265
22782691
22782964
22783047
22783717
22784291
22785862
22787761
22789046
22791966
22794228
22799272
22802781
22804200
22811805
22812252
22829309
22830150
22830685
22830870
22832872
22833050
22834561
22834834
22834866
22839072
22840449
22841987
22843285
22848124
22850120
22850416
22851755
22854283
22855999
22859753
22862080
22862608
22863647
22865290
22868304
22876441
22876809
22878219
22878993
22884388
22885743
22889721
22894568
22894904
22896005
22898576
22903942
22904973
22905450
22907265
22908015
22908450
22910935
22912736
22913264
22914710
22926868
22929768
22930872
22936240
22937518
22939157
22943269
22944668
22944740
22948527
22951211
22951295
22953489
22954678
22957314
22959036
22959150
22960911
22961986
22965496
22967001
22972147
22973332
22976064
22978014
22979323
22982938
22983350
22983772
22987284
22987620
22998454
22998690
23000228
23001757
23005210
23005689
23008549
23010940
23013047
23020607
23025935
23026342
23031886
23034020
23040246
23040404
23043627
23044507
23045513
23047398
23047772
23049813
23051584
23053296
23059927
23065533
23066085
23070494
23070606
23072217
23074725
23075103
23076190
23082877
23090974
23091480
23092570
23098994
23101345
23102073
23102324
23104799
23116831
23117082
23117517
23118507
23118986
23119600
23120838
23122650
23127855
23129117
23129466
23132590
23132813
23145381
23146473
23147501
23157400
23158486
23159493
23162370
23163094
23163217
23166164
23172574
23178723
23187297
23195019
23202432
23211297
23211352
23212935
23217361
23219188
23244825
23248802
23250978
23260746
23261466
23262975
23266099
23269629
23279440
23281191
23283975
23285602
23287127
23287640
23291511
23293037
23295332
23295994
23296190
23302390
23305301
23312749
23314840
23315185
23317358
23318291
23318815
23336860
23340653
23342341
23343782
23345725
23346502
23347428
23348601
23355189
23358874
23373873
23374079
23374972
23375878
23377267
23377982
23378275
23383904
23384990
23389045
23390552
23392748
23394309
23395072
23396161
23396541
23402078
23404197
23404325
23407910
23408187
23414809
23421551
23423067
23427045
23429754
23431523
23436580
23438313
23443194
23443431
23448820
23449983
23451542
23452484
23452567
23453698
23454100
23455764
23458800
23461097
23461524
23463824
23464782
23467484
23469549
23470729
23472840
23473899
23475091
23475159
23477914
23478270
23479806
23487372
23489199
23491897
23492606
23492815
23498389
23502767
23502974
23504986
23505640
23507226
23510190
23510688
23515125
23516460
23520122
23527241
23528623
23531922
23536966
23538351
23540838
23545708
23549391
23553991
23561570
23562751
23565139
23567903
23573056
23573523
23574401
23575666
23576529
23578397
23580265
23581167
23582788
23583974
23587210
23591031
23592751
23593681
23594612
23598156
23600053
23602239
23603635
23604239
23604240
23605412
23610746
23612334
23612560
23616224
23620487
23621111
23621335
23622680
23622685
23623065
23626697
23628664
23629668
23630873
23631823
23635892
23636559
23638693
23642084
23643856
23645091
23645734
23646349
23647450
23649635
23650775
23651078
23651175
23653066
23655266
23655567
23657663
23661984
23665383
23666292
23670752
23672903
23676462
23677171
23680177
23682227
23689142
23690346
23691796
23699419
23700350
23702430
23702444
23706367
23712456
23712602
23715526
23718091
23720537
23724794
23731028
23732803
23734193
23735053
23736412
23739521
23741270
23742247
23748069
23749048
23749807
23752258
23753097
23754506
23754585
23764534
23765958
23767346
23767789
23768645
23769255
23769619
23774904
23774918
23779398
23780838
23784428
23786155
23789158
23794969
23796615
23797206
23802886
23803188
23804337
23807032
23815527
23818364
23819996
23821195
23826713
23827531
23828471
23829147
23832319
23834954
23842724
23843248
23850448
23851416
23852679
23852943
23860907
23861483
23861812
23863168
23863762
23863780
23864666
23865093
23870457
23871865
23876113
23880923
23881246
23884560
23888533
23891782
23892696
23896466
23899339
23902217
23905980
23906263
23915172
23917160
23923821
23928829
23935907
23937018
23939597
23943176
23944444
23951751
23952259
23956514
23962243
23964995
23968058
23976495
23976705
24006005
24006056
24011926
24013722
24015639
24020969
24022374
24023949
24025422
24027194
24029929
24031211
24033867
24035696
24036267
24037729
24039304
24040094
24040447
24041207
24041691
24043218
24051734
24052975
24055377
24057134
24057158
24061714
24063585
24073265
24077789
24078718
24081783
24082415
24087850
24089413
24089965
24091423
24091483
24093147
24094795
24097596
24097800
24099939
24105045
24107110
24107633
24107776
24108167
24108776
24108978
24111525
24111722
24115172
24115503
24131025
24131770
24132844
24135821
24135893
24137308
24138158
24138466
24149648
24149769
24151344
24155223
24156032
24159016
24160233
24165014
24165477
24166735
24166911
24167478
24167930
24169717
24175156
24175540
24177994
24182885
24182909
24183547
24186706
24186767
24188899
24189884
24191325
24195547
24196387
24196707
24197404
24202659
24204063
24206305
24207807
24210068
24212689
24217692
24218255
24219461
24220771
24228833
24230709
24230896
24231178
24232076
24233379
24233873
24234541
24238131
24238205
24241856
24246563
24248607
24248787
24251260
24255696
24257596
24258043
24261122
24263949
24265070
24267021
24269169
24277077
24279288
24280735
24282461
24291256
24292198
24295493
24296795
24298166
24300304
24302346
24303290
24306016
24306584
24306882
24307181
24307582
24309402
24310443
24311111
24315915
24315996
24321545
24323594
24330486
24331051
24331189
24331948
24333098
24333104
24336233
24337161
24339747
24340966
24342959
24343560
24349908
24350460
24352971
24354350
24356230
24357281
24361038
24361343
24361803
24362656
24363579
24363884
24365610
24368905
24371053
24371169
24371752
24373566
24375131
24378490
24379478
24379901
24380447
24382534
24383192
24389850
24391113
24396117
24397854
24402511
24403904
24405133
24405778
24406290
24407477
24409096
24410025
24410200
24416391
24419482
24420280
24420728
24423266
24423743
24428471
24431462
24433330
24433424
24435571
24435924
24437966
24438030
24442325
24442527
24445908
24453320
24454809
24457425
24462669
24468930
24471125
24472614
24475804
24478260
24480467
24481991
24482445
24482542
24482981
24485501
24485606
24488536
24492507
24493856
24494020
24495769
24496709
24497188
24498172
24501884
24502137
24505550
24510555
24514640
24514850
24518243
24518335
24518365
24520259
24521807
24523546
24523733
24526031
24527364
24528054
24528310
24541030
24543200
24546177
24547334
24547409
24548743
24552236
24554403
24556031
24557251
24560236
24560492
24564690
24569553
24573290
24573793
24577423
24580314
24581978
24586121
24587112
24594752
24598571
24602890
24605927
24606258
24611747
24612043
24613368
24615442
24624634
24625721
24626157
24626870
24627106
24627301
24627935
24635928
24638235
24638511
24646316
24648901
24651586
24652498
24653509
24655626
24657577
24660226
24660423
24665257
24666365
24666686
24667056
24673249
24676300
24684140
24687416
24690369
24691769
24691820
24692415
24692789
24696819
24699739
24700518
24706391
24710424
24714481
24720121
24720918
24721674
24724703
24731077
24733347
24735482
24739746
24743899
24746919
24748135
24750760
24752000
24753552
24755110
24755245
24758987
24764174
24767169
24767774
24774824
24783355
24783397
24786140
24786856
24787637
24792749
24796115
24797407
24800241
24800762
24801231
24801315
24802450
24803156
24803529
24805680
24805756
24809445
24818831
24819243
24819278
24819359
24821323
24822594
24823326
24824966
24827740
24828776
24829766
24831011
24832726
24834730
24835021
24836197
24836223
24840468
24845588
24846202
24847236
24849759
24855465
24861474
24862062
24863654
24865549
24870089
24870650
24870734
24871068
24876208
24877970
24878676
24878947
24881314
24882956
24884774
24885819
24886252
24891429
24892612
24894169
24898072
24902799
24903504
24904669
24910518
24914696
24914705
24919493
24919707
24920134
24920271
24924267
24930829
24934173
24934589
24934661
24945015
24950661
24951392
24951996
24960078
24960219
24963384
24966284
24969929
24971230
24971625
24971954
24975430
24976080
24976754
24979370
24982781
24986565
24989217
24989377
24992565
24992747
24995706
24999381